   0.0000000e+00   1.1436280e+05
   1.0000000e-02   1.0934160e+05
   2.0000000e-02   1.0413320e+05
   3.0000000e-02   9.8837140e+04
   4.0000000e-02   9.3544240e+04
   5.0000000e-02   8.8334760e+04
   6.0000000e-02   8.3277740e+04
   7.0000000e-02   7.8429950e+04
   8.0000000e-02   7.3834750e+04
   9.0000000e-02   6.9520630e+04
   1.0000000e-01   6.5499610e+04
   1.1000000e-01   6.1765500e+04
   1.2000000e-01   5.8292480e+04
   1.3000000e-01   5.5034220e+04
   1.4000000e-01   5.1924060e+04
   1.5000000e-01   4.8876610e+04
   1.6000000e-01   4.5791250e+04
   1.7000000e-01   4.2557670e+04
   1.8000000e-01   3.9063550e+04
   1.9000000e-01   3.5204020e+04
   2.0000000e-01   3.0892120e+04
   2.1000000e-01   2.6069260e+04
   2.2000000e-01   2.0714320e+04
   2.3000000e-01   1.4850040e+04
   2.4000000e-01   8.5457330e+03
   2.5000000e-01   1.9154110e+03
   2.6000000e-01  -4.8884520e+03
   2.7000000e-01  -1.1685160e+04
   2.8000000e-01  -1.8278970e+04
   2.9000000e-01  -2.4473720e+04
   3.0000000e-01  -3.0087570e+04
   3.1000000e-01  -3.4966210e+04
   3.2000000e-01  -3.8993280e+04
   3.3000000e-01  -4.2097160e+04
   3.4000000e-01  -4.4253550e+04
   3.5000000e-01  -4.0536773e+04
   3.6000000e-01  -3.7548317e+04
   3.7000000e-01  -3.5208788e+04
   3.8000000e-01  -3.3438789e+04
   3.9000000e-01  -3.2158926e+04
   4.0000000e-01  -3.1289804e+04
   4.1000000e-01  -3.0752026e+04
   4.2000000e-01  -3.0466198e+04
   4.3000000e-01  -3.0352924e+04
   4.4000000e-01  -3.0332810e+04
   4.5000000e-01  -3.1463614e+04
   4.6000000e-01  -3.4532937e+04
   4.7000000e-01  -3.9056151e+04
   4.8000000e-01  -4.4548626e+04
   4.9000000e-01  -5.0525730e+04
   5.0000000e-01  -5.6502834e+04
   5.1000000e-01  -6.1995309e+04
   5.2000000e-01  -6.6518523e+04
   5.3000000e-01  -6.9587846e+04
   5.4000000e-01  -7.0718650e+04
   5.5000000e-01  -7.0050841e+04
   5.6000000e-01  -6.8083819e+04
   5.7000000e-01  -6.4872197e+04
   5.8000000e-01  -6.0470583e+04
   5.9000000e-01  -5.4933590e+04
   6.0000000e-01  -4.8315827e+04
   6.1000000e-01  -4.0671905e+04
   6.2000000e-01  -3.2056434e+04
   6.3000000e-01  -2.2524026e+04
   6.4000000e-01  -1.2129290e+04
   6.5000000e-01   3.8291740e+03
   6.6000000e-01   1.7985090e+04
   6.7000000e-01   3.0114490e+04
   6.8000000e-01   4.0261210e+04
   6.9000000e-01   4.8679780e+04
   7.0000000e-01   5.5762880e+04
   7.1000000e-01   6.1964080e+04
   7.2000000e-01   6.7725470e+04
   7.3000000e-01   7.3417940e+04
   7.4000000e-01   7.9299290e+04
   7.5000000e-01   8.5492520e+04
   7.6000000e-01   9.1983750e+04
   7.7000000e-01   9.8637380e+04
   7.8000000e-01   1.0522390e+05
   7.9000000e-01   1.1145570e+05
   8.0000000e-01   1.1702510e+05
   8.1000000e-01   1.2164070e+05
   8.2000000e-01   1.2505800e+05
   8.3000000e-01   1.2710200e+05
   8.4000000e-01   1.2768050e+05
   8.5000000e-01   1.2678800e+05
   8.6000000e-01   1.2450120e+05
   8.7000000e-01   1.2096740e+05
   8.8000000e-01   1.1638700e+05
   8.9000000e-01   1.1099430e+05
   9.0000000e-01   1.0503660e+05
   9.1000000e-01   9.8755220e+04
   9.2000000e-01   9.2369450e+04
   9.3000000e-01   8.6065060e+04
   9.4000000e-01   7.9987350e+04
   9.5000000e-01   7.4239070e+04
   9.6000000e-01   6.8882380e+04
   9.7000000e-01   6.3944000e+04
   9.8000000e-01   5.9422380e+04
   9.9000000e-01   5.5295850e+04
   1.0000000e+00   5.1530890e+04
   1.0100000e+00   4.8089720e+04
   1.0200000e+00   4.4936690e+04
   1.0300000e+00   4.2043080e+04
   1.0400000e+00   3.9390130e+04
   1.0500000e+00   3.6970000e+04
   1.0600000e+00   3.4784590e+04
   1.0700000e+00   3.2842370e+04
   1.0800000e+00   3.1153390e+04
   1.0900000e+00   2.9722960e+04
   1.1000000e+00   2.8544810e+04
   1.1100000e+00   2.7594630e+04
   1.1200000e+00   2.6825070e+04
   1.1300000e+00   2.6163030e+04
   1.1400000e+00   2.5510210e+04
   1.1500000e+00   2.4747030e+04
   1.1600000e+00   2.3740130e+04
   1.1700000e+00   2.2352610e+04
   1.1800000e+00   2.0456270e+04
   1.1900000e+00   1.7944240e+04
   1.2000000e+00   1.4742800e+04
   1.2100000e+00   1.0820720e+04
   1.2200000e+00   6.1951280e+03
   1.2300000e+00   9.3309310e+02
   1.2400000e+00  -4.8513660e+03
   1.2500000e+00  -1.1004570e+04
   1.2600000e+00  -1.7344020e+04
   1.2700000e+00  -2.3671620e+04
   1.2800000e+00  -2.9787790e+04
   1.2900000e+00  -3.5504800e+04
   1.3000000e+00  -4.0657750e+04
   1.3100000e+00  -4.5111960e+04
   1.3200000e+00  -4.8766240e+04
   1.3300000e+00  -5.1552220e+04
   1.3400000e+00  -5.3430790e+04
   1.3500000e+00  -5.4387260e+04
   1.3600000e+00  -5.4426740e+04
   1.3700000e+00  -5.3571110e+04
   1.3800000e+00  -5.1858270e+04
   1.3900000e+00  -4.9343710e+04
   1.4000000e+00  -4.6103540e+04
   1.4100000e+00  -4.2237730e+04
   1.4200000e+00  -3.7871950e+04
   1.4300000e+00  -3.3156610e+04
   1.4400000e+00  -2.8262370e+04
   1.4500000e+00  -2.3371940e+04
   1.4600000e+00  -1.8669110e+04
   1.4700000e+00  -1.4326330e+04
   1.4800000e+00  -1.0492370e+04
   1.4900000e+00  -7.2815470e+03
   1.5000000e+00  -4.7658210e+03
   1.5100000e+00  -2.9703970e+03
   1.5200000e+00  -1.8731420e+03
   1.5300000e+00  -1.4075410e+03
   1.5400000e+00  -1.4685010e+03
   1.5500000e+00  -1.9200700e+03
   1.5600000e+00  -2.6040830e+03
   1.5700000e+00  -3.3489380e+03
   1.5800000e+00  -3.9780090e+03
   1.5900000e+00  -4.3176050e+03
   1.6000000e+00  -4.2046180e+03
   1.6100000e+00  -3.4941370e+03
   1.6200000e+00  -2.0671160e+03
   1.6300000e+00   1.6214290e+02
   1.6400000e+00   3.2393740e+03
   1.6500000e+00   7.1656410e+03
   1.6600000e+00   1.1895680e+04
   1.6700000e+00   1.7340250e+04
   1.6800000e+00   2.3372930e+04
   1.6900000e+00   2.9841100e+04
   1.7000000e+00   3.6580200e+04
   1.7100000e+00   4.3429450e+04
   1.7200000e+00   5.0246970e+04
   1.7300000e+00   5.6922060e+04
   1.7400000e+00   6.3382830e+04
   1.7500000e+00   6.9597890e+04
   1.7600000e+00   7.5572040e+04
   1.7700000e+00   8.1336690e+04
   1.7800000e+00   8.6936710e+04
   1.7900000e+00   9.2415990e+04
   1.8000000e+00   9.7804020e+04
   1.8100000e+00   1.0310560e+05
   1.8200000e+00   1.0829500e+05
   1.8300000e+00   1.1331490e+05
   1.8400000e+00   1.1808010e+05
   1.8500000e+00   1.2248470e+05
   1.8600000e+00   1.2641210e+05
   1.8700000e+00   1.2974460e+05
   1.8800000e+00   1.3237480e+05
   1.8900000e+00   1.3421360e+05
   1.9000000e+00   1.3519760e+05
   1.9100000e+00   1.3529360e+05
   1.9200000e+00   1.3450030e+05
   1.9300000e+00   1.3284720e+05
   1.9400000e+00   1.3039160e+05
   1.9500000e+00   1.2721370e+05
   1.9600000e+00   1.2341060e+05
   1.9700000e+00   1.1908960e+05
   1.9800000e+00   1.1436280e+05
   1.9900000e+00   1.0934160e+05
   2.0000000e+00   1.0413320e+05
   2.0100000e+00   9.8837140e+04
   2.0200000e+00   9.3544240e+04
   2.0300000e+00   8.8334760e+04
   2.0400000e+00   8.3277740e+04
   2.0500000e+00   7.8429950e+04
   2.0600000e+00   7.3834750e+04
   2.0700000e+00   6.9520630e+04
   2.0800000e+00   6.5499610e+04
   2.0900000e+00   6.1765500e+04
   2.1000000e+00   5.8292480e+04
   2.1100000e+00   5.5034220e+04
   2.1200000e+00   5.1924060e+04
   2.1300000e+00   4.8876610e+04
   2.1400000e+00   4.5791250e+04
   2.1500000e+00   4.2557670e+04
   2.1600000e+00   3.9063550e+04
   2.1700000e+00   3.5204020e+04
   2.1800000e+00   3.0892120e+04
   2.1900000e+00   2.6069260e+04
   2.2000000e+00   2.0714320e+04
   2.2100000e+00   1.4850040e+04
   2.2200000e+00   8.5457330e+03
   2.2300000e+00   1.9154110e+03
   2.2400000e+00  -4.8884520e+03
   2.2500000e+00  -1.1685160e+04
   2.2600000e+00  -1.8278970e+04
   2.2700000e+00  -2.4473720e+04
   2.2800000e+00  -3.0087570e+04
   2.2900000e+00  -3.4966210e+04
   2.3000000e+00  -3.8993280e+04
   2.3100000e+00  -4.2097160e+04
   2.3200000e+00  -4.4253550e+04
   2.3300000e+00  -4.5483730e+04
   2.3400000e+00  -4.5848980e+04
   2.3500000e+00  -4.5441740e+04
   2.3600000e+00  -4.4374870e+04
   2.3700000e+00  -4.2769980e+04
   2.3800000e+00  -4.0746440e+04
   2.3900000e+00  -3.8412030e+04
   2.4000000e+00  -3.5856390e+04
   2.4100000e+00  -3.3147680e+04
   2.4200000e+00  -3.0332810e+04
   2.4300000e+00  -2.7440960e+04
   2.4400000e+00  -2.4489690e+04
   2.4500000e+00  -2.1492790e+04
   2.4600000e+00  -1.8468600e+04
   2.4700000e+00  -1.5447470e+04
   2.4800000e+00  -1.2477380e+04
   2.4900000e+00  -9.6264990e+03
   2.5000000e+00  -6.9821990e+03
