   0.0000000e+00   5.4278440e+04
   1.0000000e-02   5.3948340e+04
   2.0000000e-02   5.3384950e+04
   3.0000000e-02   5.2648090e+04
   4.0000000e-02   5.1811300e+04
   5.0000000e-02   5.0957030e+04
   6.0000000e-02   5.0170610e+04
   7.0000000e-02   4.9533020e+04
   8.0000000e-02   4.9113160e+04
   9.0000000e-02   4.8960160e+04
   1.0000000e-01   4.9096410e+04
   1.1000000e-01   4.9512240e+04
   1.2000000e-01   5.0162950e+04
   1.3000000e-01   5.0968850e+04
   1.4000000e-01   5.1818730e+04
   1.5000000e-01   5.2576630e+04
   1.6000000e-01   5.3091760e+04
   1.7000000e-01   5.3210620e+04
   1.8000000e-01   5.2790400e+04
   1.9000000e-01   5.1712190e+04
   2.0000000e-01   4.9892660e+04
   2.1000000e-01   4.7292920e+04
   2.2000000e-01   4.3923560e+04
   2.3000000e-01   3.9845030e+04
   2.4000000e-01   3.5163660e+04
   2.5000000e-01   3.0023380e+04
   2.6000000e-01   2.4594250e+04
   2.7000000e-01   1.9058990e+04
   2.8000000e-01   1.3598910e+04
   2.9000000e-01   8.3807800e+03
   3.0000000e-01   3.5458040e+03
   3.1000000e-01  -7.9811130e+02
   3.2000000e-01  -4.5804110e+03
   3.3000000e-01  -7.7680400e+03
   3.4000000e-01  -1.0362080e+04
   3.5000000e-01  -1.0752811e+04
   3.6000000e-01  -1.1138087e+04
   3.7000000e-01  -1.1517758e+04
   3.8000000e-01  -1.1891672e+04
   3.9000000e-01  -1.2259679e+04
   4.0000000e-01  -1.2621629e+04
   4.1000000e-01  -1.2977369e+04
   4.2000000e-01  -1.3326750e+04
   4.3000000e-01  -1.3669621e+04
   4.4000000e-01  -1.4005830e+04
   4.5000000e-01  -1.4361188e+04
   4.6000000e-01  -1.4750412e+04
   4.7000000e-01  -1.5156715e+04
   4.8000000e-01  -1.5563311e+04
   4.9000000e-01  -1.5953411e+04
   5.0000000e-01  -1.6310228e+04
   5.1000000e-01  -1.6616974e+04
   5.2000000e-01  -1.6856864e+04
   5.3000000e-01  -1.7013108e+04
   5.4000000e-01  -1.7068920e+04
   5.5000000e-01  -1.6690600e+04
   5.6000000e-01  -1.5603597e+04
   5.7000000e-01  -1.3879847e+04
   5.8000000e-01  -1.1591286e+04
   5.9000000e-01  -8.8098481e+03
   6.0000000e-01  -5.6074705e+03
   6.1000000e-01  -2.0560885e+03
   6.2000000e-01   1.7723624e+03
   6.3000000e-01   5.8059465e+03
   6.4000000e-01   9.9727280e+03
   6.5000000e-01   1.6234380e+04
   6.6000000e-01   2.1690220e+04
   6.7000000e-01   2.6253680e+04
   6.8000000e-01   2.9941720e+04
   6.9000000e-01   3.2850760e+04
   7.0000000e-01   3.5127410e+04
   7.1000000e-01   3.6938330e+04
   7.2000000e-01   3.8443130e+04
   7.3000000e-01   3.9773270e+04
   7.4000000e-01   4.1018700e+04
   7.5000000e-01   4.2222640e+04
   7.6000000e-01   4.3383980e+04
   7.7000000e-01   4.4465570e+04
   7.8000000e-01   4.5406610e+04
   7.9000000e-01   4.6136620e+04
   8.0000000e-01   4.6589200e+04
   8.1000000e-01   4.6713660e+04
   8.2000000e-01   4.6483300e+04
   8.3000000e-01   4.5899850e+04
   8.4000000e-01   4.4993620e+04
   8.5000000e-01   4.3819940e+04
   8.6000000e-01   4.2452540e+04
   8.7000000e-01   4.0974950e+04
   8.8000000e-01   3.9471170e+04
   8.9000000e-01   3.8016900e+04
   9.0000000e-01   3.6672640e+04
   9.1000000e-01   3.5479380e+04
   9.2000000e-01   3.4457390e+04
   9.3000000e-01   3.3608000e+04
   9.4000000e-01   3.2917760e+04
   9.5000000e-01   3.2364200e+04
   9.6000000e-01   3.1922170e+04
   9.7000000e-01   3.1569820e+04
   9.8000000e-01   3.1293370e+04
   9.9000000e-01   3.1090340e+04
   1.0000000e+00   3.0970710e+04
   1.0100000e+00   3.0956130e+04
   1.0200000e+00   3.1077370e+04
   1.0300000e+00   3.1370300e+04
   1.0400000e+00   3.1870930e+04
   1.0500000e+00   3.2609940e+04
   1.0600000e+00   3.3607310e+04
   1.0700000e+00   3.4867370e+04
   1.0800000e+00   3.6374650e+04
   1.0900000e+00   3.8090970e+04
   1.1000000e+00   3.9953920e+04
   1.1100000e+00   4.1877080e+04
   1.1200000e+00   4.3752250e+04
   1.1300000e+00   4.5453670e+04
   1.1400000e+00   4.6844320e+04
   1.1500000e+00   4.7784000e+04
   1.1600000e+00   4.8138930e+04
   1.1700000e+00   4.7792240e+04
   1.1800000e+00   4.6654570e+04
   1.1900000e+00   4.4673710e+04
   1.2000000e+00   4.1842110e+04
   1.2100000e+00   3.8201080e+04
   1.2200000e+00   3.3840570e+04
   1.2300000e+00   2.8894310e+04
   1.2400000e+00   2.3530310e+04
   1.2500000e+00   1.7937680e+04
   1.2600000e+00   1.2311120e+04
   1.2700000e+00   6.8350570e+03
   1.2800000e+00   1.6692470e+03
   1.2900000e+00  -3.0623190e+03
   1.3000000e+00  -7.2779030e+03
   1.3100000e+00  -1.0939160e+04
   1.3200000e+00  -1.4046950e+04
   1.3300000e+00  -1.6632680e+04
   1.3400000e+00  -1.8746710e+04
   1.3500000e+00  -2.0445800e+04
   1.3600000e+00  -2.1781740e+04
   1.3700000e+00  -2.2792860e+04
   1.3800000e+00  -2.3499500e+04
   1.3900000e+00  -2.3903950e+04
   1.4000000e+00  -2.3994460e+04
   1.4100000e+00  -2.3752280e+04
   1.4200000e+00  -2.3160420e+04
   1.4300000e+00  -2.2212340e+04
   1.4400000e+00  -2.0919030e+04
   1.4500000e+00  -1.9313250e+04
   1.4600000e+00  -1.7450290e+04
   1.4700000e+00  -1.5405550e+04
   1.4800000e+00  -1.3269120e+04
   1.4900000e+00  -1.1138560e+04
   1.5000000e+00  -9.1103560e+03
   1.5100000e+00  -7.2711510e+03
   1.5200000e+00  -5.6894050e+03
   1.5300000e+00  -4.4082830e+03
   1.5400000e+00  -3.4405160e+03
   1.5500000e+00  -2.7657840e+03
   1.5600000e+00  -2.3309750e+03
   1.5700000e+00  -2.0534240e+03
   1.5800000e+00  -1.8269580e+03
   1.5900000e+00  -1.5303910e+03
   1.6000000e+00  -1.0378820e+03
   1.6100000e+00  -2.3039080e+02
   1.6200000e+00   9.9270230e+02
   1.6300000e+00   2.7028940e+03
   1.6400000e+00   4.9338820e+03
   1.6500000e+00   7.6759820e+03
   1.6600000e+00   1.0874480e+04
   1.6700000e+00   1.4432390e+04
   1.6800000e+00   1.8217710e+04
   1.6900000e+00   2.2074510e+04
   1.7000000e+00   2.5837060e+04
   1.7100000e+00   2.9345220e+04
   1.7200000e+00   3.2459700e+04
   1.7300000e+00   3.5075150e+04
   1.7400000e+00   3.7129620e+04
   1.7500000e+00   3.8609290e+04
   1.7600000e+00   3.9547770e+04
   1.7700000e+00   4.0020320e+04
   1.7800000e+00   4.0133880e+04
   1.7900000e+00   4.0014280e+04
   1.8000000e+00   3.9792620e+04
   1.8100000e+00   3.9592380e+04
   1.8200000e+00   3.9518950e+04
   1.8300000e+00   3.9652230e+04
   1.8400000e+00   4.0042830e+04
   1.8500000e+00   4.0711590e+04
   1.8600000e+00   4.1651750e+04
   1.8700000e+00   4.2832970e+04
   1.8800000e+00   4.4206360e+04
   1.8900000e+00   4.5709810e+04
   1.9000000e+00   4.7273140e+04
   1.9100000e+00   4.8822880e+04
   1.9200000e+00   5.0286670e+04
   1.9300000e+00   5.1597190e+04
   1.9400000e+00   5.2695890e+04
   1.9500000e+00   5.3536210e+04
   1.9600000e+00   5.4086530e+04
   1.9700000e+00   5.4332460e+04
   1.9800000e+00   5.4278440e+04
   1.9900000e+00   5.3948340e+04
   2.0000000e+00   5.3384950e+04
   2.0100000e+00   5.2648090e+04
   2.0200000e+00   5.1811300e+04
   2.0300000e+00   5.0957030e+04
   2.0400000e+00   5.0170610e+04
   2.0500000e+00   4.9533020e+04
   2.0600000e+00   4.9113160e+04
   2.0700000e+00   4.8960160e+04
   2.0800000e+00   4.9096410e+04
   2.0900000e+00   4.9512240e+04
   2.1000000e+00   5.0162950e+04
   2.1100000e+00   5.0968850e+04
   2.1200000e+00   5.1818730e+04
   2.1300000e+00   5.2576630e+04
   2.1400000e+00   5.3091760e+04
   2.1500000e+00   5.3210620e+04
   2.1600000e+00   5.2790400e+04
   2.1700000e+00   5.1712190e+04
   2.1800000e+00   4.9892660e+04
   2.1900000e+00   4.7292920e+04
   2.2000000e+00   4.3923560e+04
   2.2100000e+00   3.9845030e+04
   2.2200000e+00   3.5163660e+04
   2.2300000e+00   3.0023380e+04
   2.2400000e+00   2.4594250e+04
   2.2500000e+00   1.9058990e+04
   2.2600000e+00   1.3598910e+04
   2.2700000e+00   8.3807800e+03
   2.2800000e+00   3.5458040e+03
   2.2900000e+00  -7.9811130e+02
   2.3000000e+00  -4.5804110e+03
   2.3100000e+00  -7.7680400e+03
   2.3200000e+00  -1.0362080e+04
   2.3300000e+00  -1.2391600e+04
   2.3400000e+00  -1.3905680e+04
   2.3500000e+00  -1.4964740e+04
   2.3600000e+00  -1.5632240e+04
   2.3700000e+00  -1.5967610e+04
   2.3800000e+00  -1.6021060e+04
   2.3900000e+00  -1.5830820e+04
   2.4000000e+00  -1.5422620e+04
   2.4100000e+00  -1.4811570e+04
   2.4200000e+00  -1.4005830e+04
   2.4300000e+00  -1.3011410e+04
   2.4400000e+00  -1.1837410e+04
   2.4500000e+00  -1.0500760e+04
   2.4600000e+00  -9.0296830e+03
   2.4700000e+00  -7.4653140e+03
   2.4800000e+00  -5.8610860e+03
   2.4900000e+00  -4.2799280e+03
   2.5000000e+00  -2.7895560e+03
