   0.0000000e+00  -6.2236085e-02
   1.0000000e-02  -8.7112769e-02
   2.0000000e-02  -1.1011792e-01
   3.0000000e-02  -1.3110304e-01
   4.0000000e-02  -1.4994930e-01
   5.0000000e-02  -1.6657300e-01
   6.0000000e-02  -1.8093235e-01
   7.0000000e-02  -1.9303446e-01
   8.0000000e-02  -2.0294200e-01
   9.0000000e-02  -2.1077765e-01
   1.0000000e-01  -2.1672574e-01
   1.1000000e-01  -2.2103042e-01
   1.2000000e-01  -2.2398980e-01
   1.3000000e-01  -2.2594369e-01
   1.4000000e-01  -2.2725985e-01
   1.5000000e-01  -2.2831385e-01
   1.6000000e-01  -2.2946821e-01
   1.7000000e-01  -2.3105000e-01
   1.8000000e-01  -2.3332783e-01
   1.9000000e-01  -2.3649281e-01
   2.0000000e-01  -2.4064268e-01
   2.1000000e-01  -2.4577116e-01
   2.2000000e-01  -2.5176497e-01
   2.3000000e-01  -2.5840751e-01
   2.4000000e-01  -2.6539040e-01
   2.5000000e-01  -2.7233105e-01
   2.6000000e-01  -2.7879767e-01
   2.7000000e-01  -2.8433473e-01
   2.8000000e-01  -2.8849368e-01
   2.9000000e-01  -2.9085982e-01
   3.0000000e-01  -2.9107798e-01
   3.1000000e-01  -2.8887328e-01
   3.2000000e-01  -2.8406543e-01
   3.3000000e-01  -2.7657552e-01
   3.4000000e-01  -2.6642608e-01
   3.5000000e-01  -2.5373387e-01
   3.6000000e-01  -2.3869664e-01
   3.7000000e-01  -2.1544376e-01
   3.8000000e-01  -1.9256397e-01
   3.9000000e-01  -1.7006979e-01
   4.0000000e-01  -1.4797371e-01
   4.1000000e-01  -1.2628824e-01
   4.2000000e-01  -1.0502588e-01
   4.3000000e-01  -8.4199130e-02
   4.4000000e-01  -6.3820505e-02
   4.5000000e-01  -4.3902504e-02
   4.6000000e-01  -2.4457630e-02
   4.7000000e-01  -5.6127855e-03
   4.8000000e-01   1.2593022e-02
   4.9000000e-01   3.0279126e-02
   5.0000000e-01   4.7564858e-02
   5.1000000e-01   6.4569555e-02
   5.2000000e-01   8.1412550e-02
   5.3000000e-01   9.8213178e-02
   5.4000000e-01   1.1509077e-01
   5.5000000e-01   1.3216466e-01
   5.6000000e-01   1.4955419e-01
   5.7000000e-01   1.6716049e-01
   5.8000000e-01   1.8480506e-01
   5.9000000e-01   2.0248778e-01
   6.0000000e-01   2.2020854e-01
   6.1000000e-01   2.3796721e-01
   6.2000000e-01   2.5576366e-01
   6.3000000e-01   2.7359780e-01
   6.4000000e-01   2.9146946e-01
   6.5000000e-01   3.0937856e-01
   6.6000000e-01   3.2732498e-01
   6.7000000e-01   3.4190075e-01
   6.8000000e-01   3.5563702e-01
   6.9000000e-01   3.6841824e-01
   7.0000000e-01   3.8011630e-01
   7.1000000e-01   3.9059439e-01
   7.2000000e-01   3.9971199e-01
   7.3000000e-01   4.0732826e-01
   7.4000000e-01   4.1330741e-01
   7.5000000e-01   4.1752115e-01
   7.6000000e-01   4.1985099e-01
   7.7000000e-01   4.2018924e-01
   7.8000000e-01   4.1844007e-01
   7.9000000e-01   4.1451814e-01
   8.0000000e-01   4.0834893e-01
   8.1000000e-01   3.9986907e-01
   8.2000000e-01   3.8902778e-01
   8.3000000e-01   3.7578946e-01
   8.4000000e-01   3.6013822e-01
   8.5000000e-01   3.4208209e-01
   8.6000000e-01   3.2165947e-01
   8.7000000e-01   2.9894366e-01
   8.8000000e-01   2.7404724e-01
   8.9000000e-01   2.4712518e-01
   9.0000000e-01   2.1837612e-01
   9.1000000e-01   1.8804108e-01
   9.2000000e-01   1.5640236e-01
   9.3000000e-01   1.2377767e-01
   9.4000000e-01   9.0515184e-02
   9.5000000e-01   5.6985489e-02
   9.6000000e-01   2.3572679e-02
   9.7000000e-01  -9.3357505e-03
   9.8000000e-01  -4.1359661e-02
   9.9000000e-01  -7.2137408e-02
   1.0000000e+00  -1.0133684e-01
   1.0100000e+00  -1.2866545e-01
   1.0200000e+00  -1.5387959e-01
   1.0300000e+00  -1.7679173e-01
   1.0400000e+00  -1.9727544e-01
   1.0500000e+00  -2.1526839e-01
   1.0600000e+00  -2.3077250e-01
   1.0700000e+00  -2.4385112e-01
   1.0800000e+00  -2.5462486e-01
   1.0900000e+00  -2.6326512e-01
   1.1000000e+00  -2.6998638e-01
   1.1100000e+00  -2.7503754e-01
   1.1200000e+00  -2.7869243e-01
   1.1300000e+00  -2.8124044e-01
   1.1400000e+00  -2.8297634e-01
   1.1500000e+00  -2.8418917e-01
   1.1600000e+00  -2.8515277e-01
   1.1700000e+00  -2.8611340e-01
   1.1800000e+00  -2.8727875e-01
   1.1900000e+00  -2.8880644e-01
   1.2000000e+00  -2.9079472e-01
   1.2100000e+00  -2.9327291e-01
   1.2200000e+00  -2.9619721e-01
   1.2300000e+00  -2.9944928e-01
   1.2400000e+00  -3.0283819e-01
   1.2500000e+00  -3.0610981e-01
   1.2600000e+00  -3.0895923e-01
   1.2700000e+00  -3.1104839e-01
   1.2800000e+00  -3.1202700e-01
   1.2900000e+00  -3.1155628e-01
   1.3000000e+00  -3.0933116e-01
   1.3100000e+00  -3.0510223e-01
   1.3200000e+00  -2.9869163e-01
   1.3300000e+00  -2.9000496e-01
   1.3400000e+00  -2.7903539e-01
   1.3500000e+00  -2.6586077e-01
   1.3600000e+00  -2.5063504e-01
   1.3700000e+00  -2.3357375e-01
   1.3800000e+00  -2.1493625e-01
   1.3900000e+00  -1.9500721e-01
   1.4000000e+00  -1.7407713e-01
   1.4100000e+00  -1.5242754e-01
   1.4200000e+00  -1.3031752e-01
   1.4300000e+00  -1.0797530e-01
   1.4400000e+00  -8.5593512e-02
   1.4500000e+00  -6.3328242e-02
   1.4600000e+00  -4.1301140e-02
   1.4700000e+00  -1.9603992e-02
   1.4800000e+00   1.6953593e-03
   1.4900000e+00   2.2546617e-02
   1.5000000e+00   4.2911189e-02
   1.5100000e+00   6.2757397e-02
   1.5200000e+00   8.2057527e-02
   1.5300000e+00   1.0078641e-01
   1.5400000e+00   1.1892187e-01
   1.5500000e+00   1.3644679e-01
   1.5600000e+00   1.5335224e-01
   1.5700000e+00   1.6964131e-01
   1.5800000e+00   1.8533285e-01
   1.5900000e+00   2.0046450e-01
   1.6000000e+00   2.1509403e-01
   1.6100000e+00   2.2929734e-01
   1.6200000e+00   2.4316555e-01
   1.6300000e+00   2.5679658e-01
   1.6400000e+00   2.7028518e-01
   1.6500000e+00   2.8371060e-01
   1.6600000e+00   2.9712188e-01
   1.6700000e+00   3.1052392e-01
   1.6800000e+00   3.2386556e-01
   1.6900000e+00   3.3703058e-01
   1.7000000e+00   3.4983240e-01
   1.7100000e+00   3.6201654e-01
   1.7200000e+00   3.7326763e-01
   1.7300000e+00   3.8322299e-01
   1.7400000e+00   3.9149184e-01
   1.7500000e+00   3.9767659e-01
   1.7600000e+00   4.0139728e-01
   1.7700000e+00   4.0231497e-01
   1.7800000e+00   4.0015164e-01
   1.7900000e+00   3.9470743e-01
   1.8000000e+00   3.8587188e-01
   1.8100000e+00   3.7362944e-01
   1.8200000e+00   3.5805883e-01
   1.8300000e+00   3.3932796e-01
   1.8400000e+00   3.1768239e-01
   1.8500000e+00   2.9343278e-01
   1.8600000e+00   2.6693886e-01
   1.8700000e+00   2.3859244e-01
   1.8800000e+00   2.0880281e-01
   1.8900000e+00   1.7798170e-01
   1.9000000e+00   1.4653203e-01
   1.9100000e+00   1.1483839e-01
   1.9200000e+00   8.3261229e-02
   1.9300000e+00   5.2133124e-02
   1.9400000e+00   2.1757624e-02
   1.9500000e+00  -7.5902013e-03
   1.9600000e+00  -3.5662348e-02
   1.9700000e+00  -6.2236085e-02
   1.9800000e+00  -8.7112769e-02
   1.9900000e+00  -1.1011792e-01
   2.0000000e+00  -1.3110304e-01
   2.0100000e+00  -1.4994930e-01
   2.0200000e+00  -1.6657300e-01
   2.0300000e+00  -1.8093235e-01
   2.0400000e+00  -1.9303446e-01
   2.0500000e+00  -2.0294200e-01
   2.0600000e+00  -2.1077765e-01
   2.0700000e+00  -2.1672574e-01
   2.0800000e+00  -2.2103042e-01
   2.0900000e+00  -2.2398980e-01
   2.1000000e+00  -2.2594369e-01
   2.1100000e+00  -2.2725985e-01
   2.1200000e+00  -2.2831385e-01
   2.1300000e+00  -2.2946821e-01
   2.1400000e+00  -2.3105000e-01
   2.1500000e+00  -2.3332783e-01
   2.1600000e+00  -2.3649281e-01
   2.1700000e+00  -2.4064268e-01
   2.1800000e+00  -2.4577116e-01
   2.1900000e+00  -2.5176497e-01
   2.2000000e+00  -2.5840751e-01
   2.2100000e+00  -2.6539040e-01
   2.2200000e+00  -2.7233105e-01
   2.2300000e+00  -2.7879767e-01
   2.2400000e+00  -2.8433473e-01
   2.2500000e+00  -2.8849368e-01
   2.2600000e+00  -2.9085982e-01
   2.2700000e+00  -2.9107798e-01
   2.2800000e+00  -2.8887328e-01
   2.2900000e+00  -2.8406543e-01
   2.3000000e+00  -2.7657552e-01
   2.3100000e+00  -2.6642608e-01
   2.3200000e+00  -2.5373387e-01
   2.3300000e+00  -2.3869664e-01
   2.3400000e+00  -2.2157583e-01
   2.3500000e+00  -2.0267758e-01
   2.3600000e+00  -1.8233106e-01
   2.3700000e+00  -1.6087002e-01
   2.3800000e+00  -1.3861576e-01
   2.3900000e+00  -1.1586353e-01
   2.4000000e+00  -9.2873193e-02
   2.4100000e+00  -6.9863889e-02
   2.4200000e+00  -4.7012852e-02
   2.4300000e+00  -2.4457630e-02
   2.4400000e+00  -2.3009653e-03
   2.4500000e+00   1.9382370e-02
   2.4600000e+00   4.0538117e-02
   2.4700000e+00   6.1125200e-02
   2.4800000e+00   8.1109465e-02
   2.4900000e+00   1.0045928e-01
   2.5000000e+00   1.1914326e-01
