   0.0000000e+00   5.5337510e+01
   1.0000000e-02   5.5078510e+01
   2.0000000e-02   5.4420970e+01
   3.0000000e-02   5.3371820e+01
   4.0000000e-02   5.1939990e+01
   5.0000000e-02   5.0136610e+01
   6.0000000e-02   4.7975580e+01
   7.0000000e-02   4.5474600e+01
   8.0000000e-02   4.2656340e+01
   9.0000000e-02   3.9549790e+01
   1.0000000e-01   3.6191450e+01
   1.1000000e-01   3.2626270e+01
   1.2000000e-01   2.8908030e+01
   1.3000000e-01   2.5099210e+01
   1.4000000e-01   2.1270010e+01
   1.5000000e-01   1.7496630e+01
   1.6000000e-01   1.3858800e+01
   1.7000000e-01   1.0436630e+01
   1.8000000e-01   7.3070630e+00
   1.9000000e-01   4.5399930e+00
   2.0000000e-01   2.1945420e+00
   2.1000000e-01   3.1566420e-01
   2.2000000e-01  -1.0685510e+00
   2.3000000e-01  -1.9486580e+00
   2.4000000e-01  -2.3345110e+00
   2.5000000e-01  -2.2547350e+00
   2.6000000e-01  -1.7550320e+00
   2.7000000e-01  -8.9545120e-01
   2.8000000e-01   2.5314960e-01
   2.9000000e-01   1.6131740e+00
   3.0000000e-01   3.1045870e+00
   3.1000000e-01   4.6491330e+00
   3.2000000e-01   6.1741900e+00
   3.3000000e-01   7.6160210e+00
   3.4000000e-01   8.9222270e+00
   3.5000000e-01   1.0053290e+01
   3.6000000e-01   1.0983170e+01
   3.7000000e-01   1.1698980e+01
   3.8000000e-01   1.1677649e+01
   3.9000000e-01   1.1616361e+01
   4.0000000e-01   1.1519177e+01
   4.1000000e-01   1.1390154e+01
   4.2000000e-01   1.1233352e+01
   4.3000000e-01   1.1052830e+01
   4.4000000e-01   1.0852647e+01
   4.5000000e-01   1.0636861e+01
   4.6000000e-01   1.0409533e+01
   4.7000000e-01   1.0174720e+01
   4.8000000e-01   9.8575482e+00
   4.9000000e-01   9.4027674e+00
   5.0000000e-01   8.8438745e+00
   5.1000000e-01   8.2143663e+00
   5.2000000e-01   7.5477398e+00
   5.3000000e-01   6.8774917e+00
   5.4000000e-01   6.2371191e+00
   5.5000000e-01   5.6601186e+00
   5.6000000e-01   5.1799873e+00
   5.7000000e-01   4.8302220e+00
   5.8000000e-01   4.5580682e+00
   5.9000000e-01   4.2918666e+00
   6.0000000e-01   4.0367564e+00
   6.1000000e-01   3.7978771e+00
   6.2000000e-01   3.5803681e+00
   6.3000000e-01   3.3893688e+00
   6.4000000e-01   3.2300185e+00
   6.5000000e-01   3.1074567e+00
   6.6000000e-01   3.0268227e+00
   6.7000000e-01   2.9932560e+00
   6.8000000e-01   3.1467530e+00
   6.9000000e-01   3.3375400e+00
   7.0000000e-01   3.5649390e+00
   7.1000000e-01   3.8323990e+00
   7.2000000e-01   4.1481060e+00
   7.3000000e-01   4.5252770e+00
   7.4000000e-01   4.9820870e+00
   7.5000000e-01   5.5411560e+00
   7.6000000e-01   6.2285720e+00
   7.7000000e-01   7.0724770e+00
   7.8000000e-01   8.1012470e+00
   7.9000000e-01   9.3414000e+00
   8.0000000e-01   1.0815350e+01
   8.1000000e-01   1.2539210e+01
   8.2000000e-01   1.4520750e+01
   8.3000000e-01   1.6757870e+01
   8.4000000e-01   1.9237520e+01
   8.5000000e-01   2.1935350e+01
   8.6000000e-01   2.4816210e+01
   8.7000000e-01   2.7835220e+01
   8.8000000e-01   3.0939650e+01
   8.9000000e-01   3.4071220e+01
   9.0000000e-01   3.7168760e+01
   9.1000000e-01   4.0170890e+01
   9.2000000e-01   4.3018550e+01
   9.3000000e-01   4.5657200e+01
   9.4000000e-01   4.8038490e+01
   9.5000000e-01   5.0121360e+01
   9.6000000e-01   5.1872540e+01
   9.7000000e-01   5.3266510e+01
   9.8000000e-01   5.4284960e+01
   9.9000000e-01   5.4916020e+01
   1.0000000e+00   5.5153230e+01
   1.0100000e+00   5.4994580e+01
   1.0200000e+00   5.4441600e+01
   1.0300000e+00   5.3498800e+01
   1.0400000e+00   5.2173400e+01
   1.0500000e+00   5.0475390e+01
   1.0600000e+00   4.8418040e+01
   1.0700000e+00   4.6018700e+01
   1.0800000e+00   4.3299750e+01
   1.0900000e+00   4.0289770e+01
   1.1000000e+00   3.7024520e+01
   1.1100000e+00   3.3547750e+01
   1.1200000e+00   2.9911520e+01
   1.1300000e+00   2.6176020e+01
   1.1400000e+00   2.2408690e+01
   1.1500000e+00   1.8682600e+01
   1.1600000e+00   1.5074220e+01
   1.1700000e+00   1.1660430e+01
   1.1800000e+00   8.5152190e+00
   1.1900000e+00   5.7060440e+00
   1.2000000e+00   3.2903240e+00
   1.2100000e+00   1.3122100e+00
   1.2200000e+00  -1.9998290e-01
   1.2300000e+00  -1.2354680e+00
   1.2400000e+00  -1.8016140e+00
   1.2500000e+00  -1.9234270e+00
   1.2600000e+00  -1.6418980e+00
   1.2700000e+00  -1.0113630e+00
   1.2800000e+00  -9.6085470e-02
   1.2900000e+00   1.0336270e+00
   1.3000000e+00   2.3054700e+00
   1.3100000e+00   3.6490200e+00
   1.3200000e+00   4.9991790e+00
   1.3300000e+00   6.2989580e+00
   1.3400000e+00   7.5014800e+00
   1.3500000e+00   8.5711160e+00
   1.3600000e+00   9.4837820e+00
   1.3700000e+00   1.0226450e+01
   1.3800000e+00   1.0796030e+01
   1.3900000e+00   1.1197750e+01
   1.4000000e+00   1.1443270e+01
   1.4100000e+00   1.1548690e+01
   1.4200000e+00   1.1532690e+01
   1.4300000e+00   1.1414860e+01
   1.4400000e+00   1.1214360e+01
   1.4500000e+00   1.0949000e+01
   1.4600000e+00   1.0634620e+01
   1.4700000e+00   1.0284900e+01
   1.4800000e+00   9.9113840e+00
   1.4900000e+00   9.5237800e+00
   1.5000000e+00   9.1302830e+00
   1.5100000e+00   8.7379700e+00
   1.5200000e+00   8.3531210e+00
   1.5300000e+00   7.9814350e+00
   1.5400000e+00   7.6281150e+00
   1.5500000e+00   7.2978240e+00
   1.5600000e+00   6.9945250e+00
   1.5700000e+00   6.7212540e+00
   1.5800000e+00   6.4798690e+00
   1.5900000e+00   6.2708390e+00
   1.6000000e+00   6.0931500e+00
   1.6100000e+00   5.9443860e+00
   1.6200000e+00   5.8210300e+00
   1.6300000e+00   5.7190240e+00
   1.6400000e+00   5.6345620e+00
   1.6500000e+00   5.5651000e+00
   1.6600000e+00   5.5104930e+00
   1.6700000e+00   5.4741460e+00
   1.6800000e+00   5.4640780e+00
   1.6900000e+00   5.4937120e+00
   1.7000000e+00   5.5822970e+00
   1.7100000e+00   5.7548100e+00
   1.7200000e+00   6.0412810e+00
   1.7300000e+00   6.4754940e+00
   1.7400000e+00   7.0931240e+00
   1.7500000e+00   7.9294030e+00
   1.7600000e+00   9.0164720e+00
   1.7700000e+00   1.0380660e+01
   1.7800000e+00   1.2039890e+01
   1.7900000e+00   1.4001480e+01
   1.8000000e+00   1.6260560e+01
   1.8100000e+00   1.8799150e+01
   1.8200000e+00   2.1586280e+01
   1.8300000e+00   2.4578810e+01
   1.8400000e+00   2.7723150e+01
   1.8500000e+00   3.0957720e+01
   1.8600000e+00   3.4215770e+01
   1.8700000e+00   3.7428570e+01
   1.8800000e+00   4.0528420e+01
   1.8900000e+00   4.3451540e+01
   1.9000000e+00   4.6140370e+01
   1.9100000e+00   4.8545230e+01
   1.9200000e+00   5.0625370e+01
   1.9300000e+00   5.2349180e+01
   1.9400000e+00   5.3693890e+01
   1.9500000e+00   5.4644640e+01
   1.9600000e+00   5.5193390e+01
   1.9700000e+00   5.5337510e+01
   1.9800000e+00   5.5078510e+01
   1.9900000e+00   5.4420970e+01
   2.0000000e+00   5.3371820e+01
   2.0100000e+00   5.1939990e+01
   2.0200000e+00   5.0136610e+01
   2.0300000e+00   4.7975580e+01
   2.0400000e+00   4.5474600e+01
   2.0500000e+00   4.2656340e+01
   2.0600000e+00   3.9549790e+01
   2.0700000e+00   3.6191450e+01
   2.0800000e+00   3.2626270e+01
   2.0900000e+00   2.8908030e+01
   2.1000000e+00   2.5099210e+01
   2.1100000e+00   2.1270010e+01
   2.1200000e+00   1.7496630e+01
   2.1300000e+00   1.3858800e+01
   2.1400000e+00   1.0436630e+01
   2.1500000e+00   7.3070630e+00
   2.1600000e+00   4.5399930e+00
   2.1700000e+00   2.1945420e+00
   2.1800000e+00   3.1566420e-01
   2.1900000e+00  -1.0685510e+00
   2.2000000e+00  -1.9486580e+00
   2.2100000e+00  -2.3345110e+00
   2.2200000e+00  -2.2547350e+00
   2.2300000e+00  -1.7550320e+00
   2.2400000e+00  -8.9545120e-01
   2.2500000e+00   2.5314960e-01
   2.2600000e+00   1.6131740e+00
   2.2700000e+00   3.1045870e+00
   2.2800000e+00   4.6491330e+00
   2.2900000e+00   6.1741900e+00
   2.3000000e+00   7.6160210e+00
   2.3100000e+00   8.9222270e+00
   2.3200000e+00   1.0053290e+01
   2.3300000e+00   1.0983170e+01
   2.3400000e+00   1.1698980e+01
   2.3500000e+00   1.2199830e+01
   2.3600000e+00   1.2495070e+01
   2.3700000e+00   1.2602110e+01
   2.3800000e+00   1.2543960e+01
   2.3900000e+00   1.2346860e+01
   2.4000000e+00   1.2038080e+01
   2.4100000e+00   1.1644020e+01
   2.4200000e+00   1.1188800e+01
   2.4300000e+00   1.0693300e+01
   2.4400000e+00   1.0174720e+01
   2.4500000e+00   9.6465290e+00
   2.4600000e+00   9.1187610e+00
   2.4700000e+00   8.5985820e+00
   2.4800000e+00   8.0909580e+00
   2.4900000e+00   7.5993360e+00
   2.5000000e+00   7.1262540e+00
