 0.000000E+000    2.081996E+003   
 1.000000E-002   -2.466803E+004   
 2.000000E-002   -4.951824E+004   
 3.000000E-002   -7.071865E+004   
 4.000000E-002   -8.688744E+004   
 5.000000E-002   -9.712810E+004   
 6.000000E-002   -1.010867E+005   
 7.000000E-002   -9.894558E+004   
 8.000000E-002   -9.135922E+004   
 9.000000E-002   -7.934396E+004   
 1.000000E-001   -6.413978E+004   
 1.100000E-001   -4.706280E+004   
 1.200000E-001   -2.936687E+004   
 1.300000E-001   -1.212929E+004   
 1.400000E-001    3.829174E+003   
 1.500000E-001    1.798509E+004   
 1.600000E-001    3.011449E+004   
 1.700000E-001    4.026121E+004   
 1.800000E-001    4.867978E+004   
 1.900000E-001    5.576288E+004   
 2.000000E-001    6.196408E+004   
 2.100000E-001    6.772547E+004   
 2.200000E-001    7.341794E+004   
 2.300000E-001    7.929929E+004   
 2.400000E-001    8.549252E+004   
 2.500000E-001    9.198375E+004   
 2.600000E-001    9.863738E+004   
 2.700000E-001    1.052239E+005   
 2.800000E-001    1.114557E+005   
 2.900000E-001    1.170251E+005   
 3.000000E-001    1.216407E+005   
 3.100000E-001    1.250580E+005   
 3.200000E-001    1.271020E+005   
 3.300000E-001    1.276805E+005   
 3.400000E-001    1.267880E+005   
 3.500000E-001    1.245012E+005   
 3.600000E-001    1.209674E+005   
 3.700000E-001    1.163870E+005   
 3.800000E-001    1.109943E+005   
 3.900000E-001    1.050366E+005   
 4.000000E-001    9.875522E+004   
 4.100000E-001    9.236945E+004   
 4.200000E-001    8.606506E+004   
 4.300000E-001    7.998735E+004   
 4.400000E-001    7.423907E+004   
 4.500000E-001    6.888238E+004   
 4.600000E-001    6.394400E+004   
 4.700000E-001    5.942238E+004   
 4.800000E-001    5.529585E+004   
 4.900000E-001    5.153089E+004   
 5.000000E-001    4.808972E+004   
 5.100000E-001    4.493669E+004   
 5.200000E-001    4.204308E+004   
 5.300000E-001    3.939013E+004   
 5.400000E-001    3.697000E+004   
 5.500000E-001    3.478459E+004   
 5.600000E-001    3.284237E+004   
 5.700000E-001    3.115339E+004   
 5.800000E-001    2.972296E+004   
 5.900000E-001    2.854481E+004   
 6.000000E-001    2.759463E+004   
 6.100000E-001    2.682507E+004   
 6.200000E-001    2.616303E+004   
 6.300000E-001    2.551021E+004   
 6.400000E-001    2.474703E+004   
 6.500000E-001    2.374013E+004   
 6.600000E-001    2.235261E+004   
 6.700000E-001    2.045627E+004   
 6.800000E-001    1.794424E+004   
 6.900000E-001    1.474280E+004   
 7.000000E-001    1.082072E+004   
 7.100000E-001    6.195128E+003   
 7.200000E-001    9.330931E+002   
 7.300000E-001   -4.851366E+003   
 7.400000E-001   -1.100457E+004   
 7.500000E-001   -1.734402E+004   
 7.600000E-001   -2.367162E+004   
 7.700000E-001   -2.978779E+004   
 7.800000E-001   -3.550480E+004   
 7.900000E-001   -4.065775E+004   
 8.000000E-001   -4.511196E+004   
 8.100000E-001   -4.876624E+004   
 8.200000E-001   -5.155222E+004   
 8.300000E-001   -5.343079E+004   
 8.400000E-001   -5.438726E+004   
 8.500000E-001   -5.442674E+004   
 8.600000E-001   -5.357111E+004   
 8.700000E-001   -5.185827E+004   
 8.800000E-001   -4.934371E+004   
 8.900000E-001   -4.610354E+004   
 9.000000E-001   -4.223773E+004   
 9.100000E-001   -3.787195E+004   
 9.200000E-001   -3.315661E+004   
 9.300000E-001   -2.826237E+004   
 9.400000E-001   -2.337194E+004   
 9.500000E-001   -1.866911E+004   
 9.600000E-001   -1.432633E+004   
 9.700000E-001   -1.049237E+004   
 9.800000E-001   -7.281547E+003   
 9.900000E-001   -4.765821E+003   
 1.000000E+000   -2.970397E+003   
 1.010000E+000   -1.873142E+003   
 1.020000E+000   -1.407541E+003   
 1.030000E+000   -1.468501E+003   
 1.040000E+000   -1.920070E+003   
 1.050000E+000   -2.604083E+003   
 1.060000E+000   -3.348938E+003   
 1.070000E+000   -3.978009E+003   
 1.080000E+000   -4.317605E+003   
 1.090000E+000   -4.204618E+003   
 1.100000E+000   -3.494137E+003   
 1.110000E+000   -2.067116E+003   
 1.120000E+000    1.621429E+002   
 1.130000E+000    3.239374E+003   
 1.140000E+000    7.165641E+003   
 1.150000E+000    1.189568E+004   
 1.160000E+000    1.734025E+004   
 1.170000E+000    2.337293E+004   
 1.180000E+000    2.984110E+004   
 1.190000E+000    3.658020E+004   
 1.200000E+000    4.342945E+004   
 1.210000E+000    5.024697E+004   
 1.220000E+000    5.692206E+004   
 1.230000E+000    6.338283E+004   
 1.240000E+000    6.959789E+004   
 1.250000E+000    7.557204E+004   
 1.260000E+000    8.133669E+004   
 1.270000E+000    8.693671E+004   
 1.280000E+000    9.241599E+004   
 1.290000E+000    9.780402E+004   
 1.300000E+000    1.031056E+005   
 1.310000E+000    1.082950E+005   
 1.320000E+000    1.133149E+005   
 1.330000E+000    1.180801E+005   
 1.340000E+000    1.224847E+005   
 1.350000E+000    1.264121E+005   
 1.360000E+000    1.297446E+005   
 1.370000E+000    1.323748E+005   
 1.380000E+000    1.342136E+005   
 1.390000E+000    1.351976E+005   
 1.400000E+000    1.352936E+005   
 1.410000E+000    1.345003E+005   
 1.420000E+000    1.328472E+005   
 1.430000E+000    1.303916E+005   
 1.440000E+000    1.272137E+005   
 1.450000E+000    1.234106E+005   
 1.460000E+000    1.190896E+005   
 1.470000E+000    1.143628E+005   
 1.480000E+000    1.093416E+005   
 1.490000E+000    1.041332E+005   
 1.500000E+000    9.883714E+004   
 1.510000E+000    9.354424E+004   
 1.520000E+000    8.833476E+004   
 1.530000E+000    8.327774E+004   
 1.540000E+000    7.842995E+004   
 1.550000E+000    7.383475E+004   
 1.560000E+000    6.952063E+004   
 1.570000E+000    6.549961E+004   
 1.580000E+000    6.176550E+004   
 1.590000E+000    5.829248E+004   
 1.600000E+000    5.503422E+004   
 1.610000E+000    5.192406E+004   
 1.620000E+000    4.887661E+004   
 1.630000E+000    4.579125E+004   
 1.640000E+000    4.255767E+004   
 1.650000E+000    3.906355E+004   
 1.660000E+000    3.520402E+004   
 1.670000E+000    3.089212E+004   
 1.680000E+000    2.606926E+004   
 1.690000E+000    2.071432E+004   
 1.700000E+000    1.485004E+004   
 1.710000E+000    8.545733E+003   
 1.720000E+000    1.915411E+003   
 1.730000E+000   -4.888452E+003   
 1.740000E+000   -1.168516E+004   
 1.750000E+000   -1.827897E+004   
 1.760000E+000   -2.447372E+004   
 1.770000E+000   -3.008757E+004   
 1.780000E+000   -3.496621E+004   
 1.790000E+000   -3.899328E+004   
 1.800000E+000   -4.209716E+004   
 1.810000E+000   -4.425355E+004   
 1.820000E+000   -4.548373E+004   
 1.830000E+000   -4.584898E+004   
 1.840000E+000   -4.544174E+004   
 1.850000E+000   -4.437487E+004   
 1.860000E+000   -4.276998E+004   
 1.870000E+000   -4.074644E+004   
 1.880000E+000   -3.841203E+004   
 1.890000E+000   -3.585639E+004   
 1.900000E+000   -3.314768E+004   
 1.910000E+000   -3.033281E+004   
 1.920000E+000   -2.744096E+004   
 1.930000E+000   -2.448969E+004   
 1.940000E+000   -2.149279E+004   
 1.950000E+000   -1.846860E+004   
 1.960000E+000   -1.544747E+004   
 1.970000E+000   -1.247738E+004   
 1.980000E+000   -9.626499E+003   
 1.990000E+000   -6.982199E+003   
 2.000000E+000   -4.646175E+003   
 2.010000E+000   -2.725860E+003   
 2.020000E+000   -1.322705E+003   
 2.030000E+000   -5.182939E+002   
 2.040000E+000   -3.595513E+002   
 2.050000E+000   -8.445621E+002   
 2.060000E+000   -1.910670E+003   
 2.070000E+000   -3.426575E+003   
 2.080000E+000   -5.190013E+003   
 2.090000E+000   -6.932291E+003   
 2.100000E+000   -8.330380E+003   
 2.110000E+000   -9.026547E+003   
 2.120000E+000   -8.654628E+003   
 2.130000E+000   -6.871104E+003   
 2.140000E+000   -3.388276E+003   
 2.150000E+000    1.993848E+003   
 2.160000E+000    9.360676E+003   
 2.170000E+000    1.866473E+004   
 2.180000E+000    2.971879E+004   
 2.190000E+000    4.220227E+004   
 2.200000E+000    5.568076E+004   
 2.210000E+000    6.963754E+004   
 2.220000E+000    8.351384E+004   
 2.230000E+000    9.675396E+004   
 2.240000E+000    1.088504E+005   
 2.250000E+000    1.193847E+005   
 2.260000E+000    1.280592E+005   
 2.270000E+000    1.347179E+005   
 2.280000E+000    1.393523E+005   
 2.290000E+000    1.420939E+005   
 2.300000E+000    1.431921E+005   
 2.310000E+000    1.429814E+005   
 2.320000E+000    1.418382E+005   
 2.330000E+000    1.401355E+005   
 2.340000E+000    1.381960E+005   
 2.350000E+000    1.362515E+005   
 2.360000E+000    1.344125E+005   
 2.370000E+000    1.326513E+005   
 2.380000E+000    1.308015E+005   
 2.390000E+000    1.285749E+005   
 2.400000E+000    1.255939E+005   
 2.410000E+000    1.214366E+005   
 2.420000E+000    1.156905E+005   
 2.430000E+000    1.080086E+005   
 2.440000E+000    9.816102E+004   
 2.450000E+000    8.607701E+004   
 2.460000E+000    7.187025E+004   
 2.470000E+000    5.584442E+004   
 2.480000E+000    3.847640E+004   
 2.490000E+000    2.037808E+004   
 2.500000E+000    2.240626E+003   
