   0.0000000e+00  -1.3022479e-01
   1.0000000e-02  -1.3557616e-01
   2.0000000e-02  -1.4068324e-01
   3.0000000e-02  -1.4557058e-01
   4.0000000e-02  -1.5028147e-01
   5.0000000e-02  -1.5487978e-01
   6.0000000e-02  -1.5945096e-01
   7.0000000e-02  -1.6410135e-01
   8.0000000e-02  -1.6895559e-01
   9.0000000e-02  -1.7415101e-01
   1.0000000e-01  -1.7982948e-01
   1.1000000e-01  -1.8612610e-01
   1.2000000e-01  -1.9315541e-01
   1.3000000e-01  -2.0099700e-01
   1.4000000e-01  -2.0967862e-01
   1.5000000e-01  -2.1916204e-01
   1.6000000e-01  -2.2932998e-01
   1.7000000e-01  -2.3997701e-01
   1.8000000e-01  -2.5080504e-01
   1.9000000e-01  -2.6142659e-01
   2.0000000e-01  -2.7137304e-01
   2.1000000e-01  -2.8011365e-01
   2.2000000e-01  -2.8707856e-01
   2.3000000e-01  -2.9169234e-01
   2.4000000e-01  -2.9340974e-01
   2.5000000e-01  -2.9175622e-01
   2.6000000e-01  -2.8636769e-01
   2.7000000e-01  -2.7702773e-01
   2.8000000e-01  -2.6369761e-01
   2.9000000e-01  -2.4653718e-01
   3.0000000e-01  -2.2591158e-01
   3.1000000e-01  -2.0238506e-01
   3.2000000e-01  -1.7669748e-01
   3.3000000e-01  -1.4972806e-01
   3.4000000e-01  -1.2244514e-01
   3.5000000e-01  -9.5848002e-02
   3.6000000e-01  -7.0904769e-02
   3.7000000e-01  -4.8492368e-02
   3.8000000e-01  -2.9343715e-02
   3.9000000e-01  -1.4007103e-02
   4.0000000e-01  -2.8209652e-03
   4.1000000e-01   4.0948444e-03
   4.2000000e-01   6.8315643e-03
   4.3000000e-01   5.6701611e-03
   4.4000000e-01   1.0493748e-03
   4.5000000e-01  -6.4728415e-03
   4.6000000e-01  -1.6260454e-02
   4.7000000e-01  -2.7639418e-02
   4.8000000e-01  -3.9933797e-02
   4.9000000e-01  -5.2496013e-02
   5.0000000e-01  -6.4730248e-02
   5.1000000e-01  -7.6109253e-02
   5.2000000e-01  -8.6185022e-02
   5.3000000e-01  -9.4594995e-02
   5.4000000e-01  -1.0106484e-01
   5.5000000e-01  -1.0540890e-01
   5.6000000e-01  -1.0752926e-01
   5.7000000e-01  -1.0741339e-01
   5.8000000e-01  -1.0512998e-01
   5.9000000e-01  -1.0082256e-01
   6.0000000e-01  -9.4700134e-02
   6.1000000e-01  -8.7024333e-02
   6.2000000e-01  -7.8093239e-02
   6.3000000e-01  -6.8222477e-02
   6.4000000e-01  -5.7724723e-02
   6.5000000e-01  -4.6889318e-02
   6.6000000e-01  -3.5964220e-02
   6.7000000e-01  -2.5142253e-02
   6.8000000e-01  -1.4553597e-02
   6.9000000e-01  -4.2659041e-03
   7.0000000e-01   5.7074134e-03
   7.1000000e-01   1.5391336e-02
   7.2000000e-01   2.4827361e-02
   7.3000000e-01   3.4048232e-02
   7.4000000e-01   4.3052752e-02
   7.5000000e-01   5.1784338e-02
   7.6000000e-01   6.0116976e-02
   7.7000000e-01   6.7851437e-02
   7.8000000e-01   7.4723165e-02
   7.9000000e-01   8.0421630e-02
   8.0000000e-01   8.4618920e-02
   8.1000000e-01   8.7003791e-02
   8.2000000e-01   8.7316327e-02
   8.3000000e-01   8.5378383e-02
   8.4000000e-01   8.1115503e-02
   8.5000000e-01   7.4567674e-02
   8.6000000e-01   6.5887959e-02
   8.7000000e-01   5.5329869e-02
   8.8000000e-01   4.3225627e-02
   8.9000000e-01   2.9958681e-02
   9.0000000e-01   1.5933891e-02
   9.1000000e-01   1.5487500e-03
   9.2000000e-01  -1.2831532e-02
   9.3000000e-01  -2.6893237e-02
   9.4000000e-01  -4.0386657e-02
   9.5000000e-01  -5.3131802e-02
   9.6000000e-01  -6.5018000e-02
   9.7000000e-01  -7.5998722e-02
   9.8000000e-01  -8.6082902e-02
   9.9000000e-01  -9.5324735e-02
   1.0000000e+00  -1.0381300e-01
   1.0100000e+00  -1.1166142e-01
   1.0200000e+00  -1.1900067e-01
   1.0300000e+00  -1.2597233e-01
   1.0400000e+00  -1.3272463e-01
   1.0500000e+00  -1.3940943e-01
   1.0600000e+00  -1.4617955e-01
   1.0700000e+00  -1.5318545e-01
   1.0800000e+00  -1.6057059e-01
   1.0900000e+00  -1.6846424e-01
   1.1000000e+00  -1.7697220e-01
   1.1100000e+00  -1.8616520e-01
   1.1200000e+00  -1.9606540e-01
   1.1300000e+00  -2.0663232e-01
   1.1400000e+00  -2.1775112e-01
   1.1500000e+00  -2.2922107e-01
   1.1600000e+00  -2.4075142e-01
   1.1700000e+00  -2.5196079e-01
   1.1800000e+00  -2.6238582e-01
   1.1900000e+00  -2.7149714e-01
   1.2000000e+00  -2.7872262e-01
   1.2100000e+00  -2.8348039e-01
   1.2200000e+00  -2.8521507e-01
   1.2300000e+00  -2.8343990e-01
   1.2400000e+00  -2.7777875e-01
   1.2500000e+00  -2.6800543e-01
   1.2600000e+00  -2.5407753e-01
   1.2700000e+00  -2.3616068e-01
   1.2800000e+00  -2.1463832e-01
   1.2900000e+00  -1.9010842e-01
   1.3000000e+00  -1.6336149e-01
   1.3100000e+00  -1.3534351e-01
   1.3200000e+00  -1.0710382e-01
   1.3300000e+00  -7.9732365e-02
   1.3400000e+00  -5.4291503e-02
   1.3500000e+00  -3.1748272e-02
   1.3600000e+00  -1.2913820e-02
   1.3700000e+00   1.6048297e-03
   1.3800000e+00   1.1436343e-02
   1.3900000e+00   1.6458355e-02
   1.4000000e+00   1.6792867e-02
   1.4100000e+00   1.2786085e-02
   1.4200000e+00   4.9763212e-03
   1.4300000e+00  -5.9461378e-03
   1.4400000e+00  -1.9183525e-02
   1.4500000e+00  -3.3876562e-02
   1.4600000e+00  -4.9149781e-02
   1.4700000e+00  -6.4154952e-02
   1.4800000e+00  -7.8111530e-02
   1.4900000e+00  -9.0342989e-02
   1.5000000e+00  -1.0030796e-01
   1.5100000e+00  -1.0762431e-01
   1.5200000e+00  -1.1208429e-01
   1.5300000e+00  -1.1365902e-01
   1.5400000e+00  -1.1249094e-01
   1.5500000e+00  -1.0887401e-01
   1.5600000e+00  -1.0322233e-01
   1.5700000e+00  -9.6029726e-02
   1.5800000e+00  -8.7823205e-02
   1.5900000e+00  -7.9114763e-02
   1.6000000e+00  -7.0355898e-02
   1.6100000e+00  -6.1899167e-02
   1.6200000e+00  -5.3970886e-02
   1.6300000e+00  -4.6658061e-02
   1.6400000e+00  -3.9910880e-02
   1.6500000e+00  -3.3561268e-02
   1.6600000e+00  -2.7355558e-02
   1.6700000e+00  -2.0997864e-02
   1.6800000e+00  -1.4199629e-02
   1.6900000e+00  -6.7291780e-03
   1.7000000e+00   1.5442029e-03
   1.7100000e+00   1.0617669e-02
   1.7200000e+00   2.0337903e-02
   1.7300000e+00   3.0402658e-02
   1.7400000e+00   4.0381020e-02
   1.7500000e+00   4.9750593e-02
   1.7600000e+00   5.7946956e-02
   1.7700000e+00   6.4419614e-02
   1.7800000e+00   6.8687101e-02
   1.7900000e+00   7.0384940e-02
   1.8000000e+00   6.9300288e-02
   1.8100000e+00   6.5390296e-02
   1.8200000e+00   5.8782637e-02
   1.8300000e+00   4.9759320e-02
   1.8400000e+00   3.8726919e-02
   1.8500000e+00   2.6177024e-02
   1.8600000e+00   1.2642203e-02
   1.8700000e+00  -1.3482478e-03
   1.8800000e+00  -1.5308234e-02
   1.8900000e+00  -2.8827167e-02
   1.9000000e+00  -4.1592400e-02
   1.9100000e+00  -5.3400617e-02
   1.9200000e+00  -6.4158408e-02
   1.9300000e+00  -7.3872876e-02
   1.9400000e+00  -8.2634446e-02
   1.9500000e+00  -9.0594055e-02
   1.9600000e+00  -9.7937772e-02
   1.9700000e+00  -1.0486121e-01
   1.9800000e+00  -1.1154644e-01
   1.9900000e+00  -1.1814329e-01
   2.0000000e+00  -1.2475668e-01
   2.0100000e+00  -1.3144059e-01
   2.0200000e+00  -1.3819903e-01
   2.0300000e+00  -1.4499316e-01
   2.0400000e+00  -1.5175388e-01
   2.0500000e+00  -1.5839778e-01
   2.0600000e+00  -1.6484469e-01
   2.0700000e+00  -1.7103467e-01
   2.0800000e+00  -1.7694200e-01
   2.0900000e+00  -1.8258378e-01
   2.1000000e+00  -1.8802310e-01
   2.1100000e+00  -1.9336241e-01
   2.1200000e+00  -1.9873157e-01
   2.1300000e+00  -2.0426583e-01
   2.1400000e+00  -2.1008092e-01
   2.1500000e+00  -2.1624298e-01
   2.1600000e+00  -2.2274084e-01
   2.1700000e+00  -2.2946175e-01
   2.1800000e+00  -2.3617603e-01
   2.1900000e+00  -2.4253427e-01
   2.2000000e+00  -2.4807726e-01
   2.2100000e+00  -2.5226326e-01
   2.2200000e+00  -2.5450793e-01
   2.2300000e+00  -2.5423478e-01
   2.2400000e+00  -2.5093297e-01
   2.2500000e+00  -2.4421450e-01
   2.2600000e+00  -2.3386592e-01
   2.2700000e+00  -2.1988600e-01
   2.2800000e+00  -2.0250689e-01
   2.2900000e+00  -1.8219457e-01
   2.3000000e+00  -1.5962600e-01
   2.3100000e+00  -1.3564732e-01
   2.3200000e+00  -1.1121510e-01
   2.3300000e+00  -8.7327427e-02
   2.3400000e+00  -6.4952009e-02
   2.3500000e+00  -4.4958285e-02
   2.3600000e+00  -2.8060636e-02
   2.3700000e+00  -1.4777064e-02
   2.3800000e+00  -5.4068398e-03
   2.3900000e+00  -2.6946714e-05
   2.4000000e+00   1.4939261e-03
   2.4100000e+00  -5.3261689e-04
   2.4200000e+00  -5.6524565e-03
   2.4300000e+00  -1.3311958e-02
   2.4400000e+00  -2.2901984e-02
   2.4500000e+00  -3.3799418e-02
   2.4600000e+00  -4.5403658e-02
   2.4700000e+00  -5.7166410e-02
   2.4800000e+00  -6.8613815e-02
   2.4900000e+00  -7.9360906e-02
   2.5000000e+00  -8.9118658e-02
