   0.0000000e+00  -3.6758080e+00
   1.0000000e-02  -4.4754610e+00
   2.0000000e-02  -5.1762720e+00
   3.0000000e-02  -5.7472230e+00
   4.0000000e-02  -6.1664190e+00
   5.0000000e-02  -6.4219570e+00
   6.0000000e-02  -6.5121820e+00
   7.0000000e-02  -6.4452560e+00
   8.0000000e-02  -6.2380210e+00
   9.0000000e-02  -5.9142040e+00
   1.0000000e-01  -5.5020980e+00
   1.1000000e-01  -5.0318990e+00
   1.2000000e-01  -4.5329420e+00
   1.3000000e-01  -4.0310960e+00
   1.4000000e-01  -3.5465610e+00
   1.5000000e-01  -3.0923040e+00
   1.6000000e-01  -2.6733100e+00
   1.7000000e-01  -2.2867250e+00
   1.8000000e-01  -1.9229190e+00
   1.9000000e-01  -1.5673580e+00
   2.0000000e-01  -1.2030890e+00
   2.1000000e-01  -8.1357880e-01
   2.2000000e-01  -3.8555350e-01
   2.3000000e-01   8.8476310e-02
   2.4000000e-01   6.0834760e-01
   2.5000000e-01   1.1652760e+00
   2.6000000e-01   1.7419440e+00
   2.7000000e-01   2.3136620e+00
   2.8000000e-01   2.8504990e+00
   2.9000000e-01   3.3201160e+00
   3.0000000e-01   3.6909720e+00
   3.1000000e-01   3.9354810e+00
   3.2000000e-01   4.0327600e+00
   3.3000000e-01   3.9706140e+00
   3.4000000e-01   3.7465880e+00
   3.5000000e-01   3.3679970e+00
   3.6000000e-01   2.8509990e+00
   3.7000000e-01   2.2188890e+00
   3.8000000e-01   1.4186562e+00
   3.9000000e-01   6.3813400e-01
   4.0000000e-01  -1.2132869e-01
   4.1000000e-01  -8.5838313e-01
   4.2000000e-01  -1.5716805e+00
   4.3000000e-01  -2.2598722e+00
   4.4000000e-01  -2.9216092e+00
   4.5000000e-01  -3.5555429e+00
   4.6000000e-01  -4.1603244e+00
   4.7000000e-01  -4.7346050e+00
   4.8000000e-01  -5.2772346e+00
   4.9000000e-01  -5.7909711e+00
   5.0000000e-01  -6.2803278e+00
   5.1000000e-01  -6.7498182e+00
   5.2000000e-01  -7.2039556e+00
   5.3000000e-01  -7.6472534e+00
   5.4000000e-01  -8.0842248e+00
   5.5000000e-01  -8.5193834e+00
   5.6000000e-01  -8.9572423e+00
   5.7000000e-01  -9.4023150e+00
   5.8000000e-01  -9.8510054e+00
   5.9000000e-01  -1.0296686e+01
   6.0000000e-01  -1.0739322e+01
   6.1000000e-01  -1.1178880e+01
   6.2000000e-01  -1.1615325e+01
   6.3000000e-01  -1.2048624e+01
   6.4000000e-01  -1.2478742e+01
   6.5000000e-01  -1.2905645e+01
   6.6000000e-01  -1.3329299e+01
   6.7000000e-01  -1.3749670e+01
   6.8000000e-01  -1.4370070e+01
   6.9000000e-01  -1.4978640e+01
   7.0000000e-01  -1.5548530e+01
   7.1000000e-01  -1.6049330e+01
   7.2000000e-01  -1.6448390e+01
   7.3000000e-01  -1.6712740e+01
   7.4000000e-01  -1.6811140e+01
   7.5000000e-01  -1.6716400e+01
   7.6000000e-01  -1.6407660e+01
   7.7000000e-01  -1.5872520e+01
   7.8000000e-01  -1.5108760e+01
   7.9000000e-01  -1.4125540e+01
   8.0000000e-01  -1.2943780e+01
   8.1000000e-01  -1.1595810e+01
   8.2000000e-01  -1.0124020e+01
   8.3000000e-01  -8.5787860e+00
   8.4000000e-01  -7.0155900e+00
   8.5000000e-01  -5.4916860e+00
   8.6000000e-01  -4.0625440e+00
   8.7000000e-01  -2.7784080e+00
   8.8000000e-01  -1.6812710e+00
   8.9000000e-01  -8.0254790e-01
   9.0000000e-01  -1.6162940e-01
   9.1000000e-01   2.3461730e-01
   9.2000000e-01   3.9141980e-01
   9.3000000e-01   3.2487630e-01
   9.4000000e-01   6.0124750e-02
   9.5000000e-01  -3.7086650e-01
   9.6000000e-01  -9.3165540e-01
   9.7000000e-01  -1.5836220e+00
   9.8000000e-01  -2.2880380e+00
   9.9000000e-01  -3.0078000e+00
   1.0000000e+00  -3.7087700e+00
   1.0100000e+00  -4.3607390e+00
   1.0200000e+00  -4.9380380e+00
   1.0300000e+00  -5.4198940e+00
   1.0400000e+00  -5.7905890e+00
   1.0500000e+00  -6.0394850e+00
   1.0600000e+00  -6.1609730e+00
   1.0700000e+00  -6.1543340e+00
   1.0800000e+00  -6.0235040e+00
   1.0900000e+00  -5.7767070e+00
   1.1000000e+00  -5.4259180e+00
   1.1100000e+00  -4.9861270e+00
   1.1200000e+00  -4.4744130e+00
   1.1300000e+00  -3.9088600e+00
   1.1400000e+00  -3.3073830e+00
   1.1500000e+00  -2.6865600e+00
   1.1600000e+00  -2.0605980e+00
   1.1700000e+00  -1.4405450e+00
   1.1800000e+00  -8.3385970e-01
   1.1900000e+00  -2.4441830e-01
   1.2000000e+00   3.2701070e-01
   1.2100000e+00   8.8185860e-01
   1.2200000e+00   1.4225030e+00
   1.2300000e+00   1.9508200e+00
   1.2400000e+00   2.4667410e+00
   1.2500000e+00   2.9670240e+00
   1.2600000e+00   3.4444490e+00
   1.2700000e+00   3.8876010e+00
   1.2800000e+00   4.2813220e+00
   1.2900000e+00   4.6078200e+00
   1.3000000e+00   4.8483070e+00
   1.3100000e+00   4.9849500e+00
   1.3200000e+00   5.0028570e+00
   1.3300000e+00   4.8918210e+00
   1.3400000e+00   4.6475760e+00
   1.3500000e+00   4.2724130e+00
   1.3600000e+00   3.7751020e+00
   1.3700000e+00   3.1701680e+00
   1.3800000e+00   2.4766460e+00
   1.3900000e+00   1.7165060e+00
   1.4000000e+00   9.1294470e-01
   1.4100000e+00   8.8736840e-02
   1.4200000e+00  -7.3519260e-01
   1.4300000e+00  -1.5408690e+00
   1.4400000e+00  -2.3139850e+00
   1.4500000e+00  -3.0442280e+00
   1.4600000e+00  -3.7252570e+00
   1.4700000e+00  -4.3544060e+00
   1.4800000e+00  -4.9321870e+00
   1.4900000e+00  -5.4617050e+00
   1.5000000e+00  -5.9480470e+00
   1.5100000e+00  -6.3977280e+00
   1.5200000e+00  -6.8182360e+00
   1.5300000e+00  -7.2176830e+00
   1.5400000e+00  -7.6045610e+00
   1.5500000e+00  -7.9875720e+00
   1.5600000e+00  -8.3754710e+00
   1.5700000e+00  -8.7768800e+00
   1.5800000e+00  -9.2000170e+00
   1.5900000e+00  -9.6522900e+00
   1.6000000e+00  -1.0139760e+01
   1.6100000e+00  -1.0666480e+01
   1.6200000e+00  -1.1233720e+01
   1.6300000e+00  -1.1839160e+01
   1.6400000e+00  -1.2476220e+01
   1.6500000e+00  -1.3133400e+01
   1.6600000e+00  -1.3794040e+01
   1.6700000e+00  -1.4436290e+01
   1.6800000e+00  -1.5033600e+01
   1.6900000e+00  -1.5555640e+01
   1.7000000e+00  -1.5969630e+01
   1.7100000e+00  -1.6242230e+01
   1.7200000e+00  -1.6341620e+01
   1.7300000e+00  -1.6239910e+01
   1.7400000e+00  -1.5915550e+01
   1.7500000e+00  -1.5355580e+01
   1.7600000e+00  -1.4557570e+01
   1.7700000e+00  -1.3531010e+01
   1.7800000e+00  -1.2297870e+01
   1.7900000e+00  -1.0892410e+01
   1.8000000e+00  -9.3599240e+00
   1.8100000e+00  -7.7546120e+00
   1.8200000e+00  -6.1365970e+00
   1.8300000e+00  -4.5683280e+00
   1.8400000e+00  -3.1106740e+00
   1.8500000e+00  -1.8190420e+00
   1.8600000e+00  -7.3990740e-01
   1.8700000e+00   9.1949970e-02
   1.8800000e+00   6.5525420e-01
   1.8900000e+00   9.4299430e-01
   1.9000000e+00   9.6216040e-01
   1.9100000e+00   7.3258870e-01
   1.9200000e+00   2.8512220e-01
   1.9300000e+00  -3.4068860e-01
   1.9400000e+00  -1.0991350e+00
   1.9500000e+00  -1.9409840e+00
   1.9600000e+00  -2.8160750e+00
   1.9700000e+00  -3.6758080e+00
   1.9800000e+00  -4.4754610e+00
   1.9900000e+00  -5.1762720e+00
   2.0000000e+00  -5.7472230e+00
   2.0100000e+00  -6.1664190e+00
   2.0200000e+00  -6.4219570e+00
   2.0300000e+00  -6.5121820e+00
   2.0400000e+00  -6.4452560e+00
   2.0500000e+00  -6.2380210e+00
   2.0600000e+00  -5.9142040e+00
   2.0700000e+00  -5.5020980e+00
   2.0800000e+00  -5.0318990e+00
   2.0900000e+00  -4.5329420e+00
   2.1000000e+00  -4.0310960e+00
   2.1100000e+00  -3.5465610e+00
   2.1200000e+00  -3.0923040e+00
   2.1300000e+00  -2.6733100e+00
   2.1400000e+00  -2.2867250e+00
   2.1500000e+00  -1.9229190e+00
   2.1600000e+00  -1.5673580e+00
   2.1700000e+00  -1.2030890e+00
   2.1800000e+00  -8.1357880e-01
   2.1900000e+00  -3.8555350e-01
   2.2000000e+00   8.8476310e-02
   2.2100000e+00   6.0834760e-01
   2.2200000e+00   1.1652760e+00
   2.2300000e+00   1.7419440e+00
   2.2400000e+00   2.3136620e+00
   2.2500000e+00   2.8504990e+00
   2.2600000e+00   3.3201160e+00
   2.2700000e+00   3.6909720e+00
   2.2800000e+00   3.9354810e+00
   2.2900000e+00   4.0327600e+00
   2.3000000e+00   3.9706140e+00
   2.3100000e+00   3.7465880e+00
   2.3200000e+00   3.3679970e+00
   2.3300000e+00   2.8509990e+00
   2.3400000e+00   2.2188890e+00
   2.3500000e+00   1.4998330e+00
   2.3600000e+00   7.2434490e-01
   2.3700000e+00  -7.7248910e-02
   2.3800000e+00  -8.7709720e-01
   2.3900000e+00  -1.6516750e+00
   2.4000000e+00  -2.3830690e+00
   2.4100000e+00  -3.0596300e+00
   2.4200000e+00  -3.6760060e+00
   2.4300000e+00  -4.2326040e+00
   2.4400000e+00  -4.7346050e+00
   2.4500000e+00  -5.1906570e+00
   2.4600000e+00  -5.6114210e+00
   2.4700000e+00  -6.0081050e+00
   2.4800000e+00  -6.3911400e+00
   2.4900000e+00  -6.7691120e+00
   2.5000000e+00  -7.1480310e+00
