   0.0000000e+00   6.6055860e+04
   1.0000000e-02   6.6075660e+04
   2.0000000e-02   6.5955290e+04
   3.0000000e-02   6.5814720e+04
   4.0000000e-02   6.5778370e+04
   5.0000000e-02   6.5971180e+04
   6.0000000e-02   6.6513680e+04
   7.0000000e-02   6.7516120e+04
   8.0000000e-02   6.9071600e+04
   9.0000000e-02   7.1248690e+04
   1.0000000e-01   7.4084060e+04
   1.1000000e-01   7.7575690e+04
   1.2000000e-01   8.1677400e+04
   1.3000000e-01   8.6295270e+04
   1.4000000e-01   9.1286300e+04
   1.5000000e-01   9.6459930e+04
   1.6000000e-01   1.0158270e+05
   1.7000000e-01   1.0638610e+05
   1.8000000e-01   1.1057840e+05
   1.9000000e-01   1.1385930e+05
   2.0000000e-01   1.1593770e+05
   2.1000000e-01   1.1655160e+05
   2.2000000e-01   1.1548870e+05
   2.3000000e-01   1.1260570e+05
   2.4000000e-01   1.0784550e+05
   2.5000000e-01   1.0124870e+05
   2.6000000e-01   9.2959450e+04
   2.7000000e-01   8.3222300e+04
   2.8000000e-01   7.2371030e+04
   2.9000000e-01   6.0808760e+04
   3.0000000e-01   4.8981270e+04
   3.1000000e-01   3.7345610e+04
   3.2000000e-01   2.6337350e+04
   3.3000000e-01   1.6339780e+04
   3.4000000e-01   7.6582400e+03
   3.5000000e-01   5.0212540e+02
   3.6000000e-01  -5.0239490e+03
   3.7000000e-01  -8.9195640e+03
   3.8000000e-01  -1.1279200e+04
   3.9000000e-01  -1.2275890e+04
   4.0000000e-01  -1.2140070e+04
   4.1000000e-01  -1.1136080e+04
   4.2000000e-01  -9.5387530e+03
   4.3000000e-01  -7.6123100e+03
   4.4000000e-01  -5.5929430e+03
   4.5000000e-01  -3.6762870e+03
   4.6000000e-01  -2.0100500e+03
   4.7000000e-01  -6.9165860e+02
   4.8000000e-01   2.2967820e+02
   4.9000000e-01   7.4742580e+02
   5.0000000e-01   8.8975970e+02
   5.1000000e-01  -7.3465680e+02
   5.2000000e-01  -2.1496260e+03
   5.3000000e-01  -3.4468210e+03
   5.4000000e-01  -4.5338420e+03
   5.5000000e-01  -5.3377360e+03
   5.6000000e-01  -5.8114850e+03
   5.7000000e-01  -5.9376270e+03
   5.8000000e-01  -5.7287560e+03
   5.9000000e-01  -5.2250080e+03
   6.0000000e-01  -4.4890050e+03
   6.1000000e-01  -3.5989540e+03
   6.2000000e-01  -2.6406750e+03
   6.3000000e-01  -1.6993900e+03
   6.4000000e-01  -8.5197680e+02
   6.5000000e-01  -1.6027910e+02
   6.6000000e-01   3.3407440e+02
   6.7000000e-01   6.1309930e+02
   6.8000000e-01   6.8400620e+02
   6.9000000e-01   5.7889630e+02
   7.0000000e-01   3.5271560e+02
   7.1000000e-01   7.9656510e+01
   7.2000000e-01  -1.5175620e+02
   7.3000000e-01  -2.4461150e+02
   7.4000000e-01  -1.0026250e+02
   7.5000000e-01   3.7470000e+02
   7.6000000e-01   1.2615890e+03
   7.7000000e-01   2.6233580e+03
   7.8000000e-01   4.4994160e+03
   7.9000000e-01   6.9019950e+03
   8.0000000e-01   9.8144090e+03
   8.1000000e-01   1.3191460e+04
   8.2000000e-01   1.6962060e+04
   8.3000000e-01   2.1033930e+04
   8.4000000e-01   2.5300250e+04
   8.5000000e-01   2.9647670e+04
   8.6000000e-01   3.3965180e+04
   8.7000000e-01   3.8153010e+04
   8.8000000e-01   4.2130530e+04
   8.9000000e-01   4.5841990e+04
   9.0000000e-01   4.9259090e+04
   9.1000000e-01   5.2379850e+04
   9.2000000e-01   5.5223500e+04
   9.3000000e-01   5.7822430e+04
   9.4000000e-01   6.0212640e+04
   9.5000000e-01   6.2424520e+04
   9.6000000e-01   6.4475830e+04
   9.7000000e-01   6.6368230e+04
   9.8000000e-01   6.8087880e+04
   9.9000000e-01   6.9609770e+04
   1.0000000e+00   7.0905000e+04
   1.0100000e+00   7.1949550e+04
   1.0200000e+00   7.2733100e+04
   1.0300000e+00   7.3266580e+04
   1.0400000e+00   7.3587350e+04
   1.0500000e+00   7.3761270e+04
   1.0600000e+00   7.3881290e+04
   1.0700000e+00   7.4062500e+04
   1.0800000e+00   7.4433740e+04
   1.0900000e+00   7.5126310e+04
   1.1000000e+00   7.6260630e+04
   1.1100000e+00   7.7931970e+04
   1.1200000e+00   8.0196460e+04
   1.1300000e+00   8.3058930e+04
   1.1400000e+00   8.6464000e+04
   1.1500000e+00   9.0291550e+04
   1.1600000e+00   9.4357630e+04
   1.1700000e+00   9.8421320e+04
   1.1800000e+00   1.0219760e+05
   1.1900000e+00   1.0537520e+05
   1.2000000e+00   1.0763870e+05
   1.2100000e+00   1.0869230e+05
   1.2200000e+00   1.0828380e+05
   1.2300000e+00   1.0622610e+05
   1.2400000e+00   1.0241580e+05
   1.2500000e+00   9.6844850e+04
   1.2600000e+00   8.9606740e+04
   1.2700000e+00   8.0894700e+04
   1.2800000e+00   7.0992150e+04
   1.2900000e+00   6.0255720e+04
   1.3000000e+00   4.9091760e+04
   1.3100000e+00   3.7928470e+04
   1.3200000e+00   2.7186020e+04
   1.3300000e+00   1.7247690e+04
   1.3400000e+00   8.4348220e+03
   1.3500000e+00   9.8767350e+02
   1.3600000e+00  -4.9461880e+03
   1.3700000e+00  -9.3154650e+03
   1.3800000e+00  -1.2160960e+04
   1.3900000e+00  -1.3604640e+04
   1.4000000e+00  -1.3833520e+04
   1.4100000e+00  -1.3080120e+04
   1.4200000e+00  -1.1601520e+04
   1.4300000e+00  -9.6588100e+03
   1.4400000e+00  -7.4986930e+03
   1.4500000e+00  -5.3384010e+03
   1.4600000e+00  -3.3548700e+03
   1.4700000e+00  -1.6784800e+03
   1.4800000e+00  -3.9127590e+02
   1.4900000e+00   4.7082910e+02
   1.5000000e+00   9.1265930e+02
   1.5100000e+00   9.7214500e+02
   1.5200000e+00   7.1145460e+02
   1.5300000e+00   2.0782990e+02
   1.5400000e+00  -4.5507820e+02
   1.5500000e+00  -1.1947680e+03
   1.5600000e+00  -1.9359500e+03
   1.5700000e+00  -2.6149210e+03
   1.5800000e+00  -3.1822630e+03
   1.5900000e+00  -3.6039910e+03
   1.6000000e+00  -3.8613870e+03
   1.6100000e+00  -3.9498060e+03
   1.6200000e+00  -3.8767450e+03
   1.6300000e+00  -3.6594260e+03
   1.6400000e+00  -3.3221100e+03
   1.6500000e+00  -2.8932800e+03
   1.6600000e+00  -2.4027670e+03
   1.6700000e+00  -1.8788990e+03
   1.6800000e+00  -1.3457010e+03
   1.6900000e+00  -8.2022480e+02
   1.7000000e+00  -3.1014730e+02
   1.7100000e+00   1.8822730e+02
   1.7200000e+00   6.9133320e+02
   1.7300000e+00   1.2288690e+03
   1.7400000e+00   1.8432810e+03
   1.7500000e+00   2.5880630e+03
   1.7600000e+00   3.5248130e+03
   1.7700000e+00   4.7191390e+03
   1.7800000e+00   6.2356050e+03
   1.7900000e+00   8.1320650e+03
   1.8000000e+00   1.0453800e+04
   1.8100000e+00   1.3227920e+04
   1.8200000e+00   1.6458630e+04
   1.8300000e+00   2.0123670e+04
   1.8400000e+00   2.4172700e+04
   1.8500000e+00   2.8527870e+04
   1.8600000e+00   3.3086980e+04
   1.8700000e+00   3.7729230e+04
   1.8800000e+00   4.2323200e+04
   1.8900000e+00   4.6736400e+04
   1.9000000e+00   5.0845170e+04
   1.9100000e+00   5.4543920e+04
   1.9200000e+00   5.7752510e+04
   1.9300000e+00   6.0421000e+04
   1.9400000e+00   6.2531450e+04
   1.9500000e+00   6.4097100e+04
   1.9600000e+00   6.5159410e+04
   1.9700000e+00   6.5783940e+04
   1.9800000e+00   6.6055860e+04
   1.9900000e+00   6.6075660e+04
   2.0000000e+00   6.5955290e+04
   2.0100000e+00   6.5814720e+04
   2.0200000e+00   6.5778370e+04
   2.0300000e+00   6.5971180e+04
   2.0400000e+00   6.6513680e+04
   2.0500000e+00   6.7516120e+04
   2.0600000e+00   6.9071600e+04
   2.0700000e+00   7.1248690e+04
   2.0800000e+00   7.4084060e+04
   2.0900000e+00   7.7575690e+04
   2.1000000e+00   8.1677400e+04
   2.1100000e+00   8.6295270e+04
   2.1200000e+00   9.1286300e+04
   2.1300000e+00   9.6459930e+04
   2.1400000e+00   1.0158270e+05
   2.1500000e+00   1.0638610e+05
   2.1600000e+00   1.1057840e+05
   2.1700000e+00   1.1385930e+05
   2.1800000e+00   1.1593770e+05
   2.1900000e+00   1.1655160e+05
   2.2000000e+00   1.1548870e+05
   2.2100000e+00   1.1260570e+05
   2.2200000e+00   1.0784550e+05
   2.2300000e+00   1.0124870e+05
   2.2400000e+00   9.2959450e+04
   2.2500000e+00   8.3222300e+04
   2.2600000e+00   7.2371030e+04
   2.2700000e+00   6.0808760e+04
   2.2800000e+00   4.8981270e+04
   2.2900000e+00   3.7345610e+04
   2.3000000e+00   2.6337350e+04
   2.3100000e+00   1.6339780e+04
   2.3200000e+00   7.6582400e+03
   2.3300000e+00   5.0212540e+02
   2.3400000e+00  -5.0239490e+03
   2.3500000e+00  -8.9195640e+03
   2.3600000e+00  -1.1279200e+04
   2.3700000e+00  -1.2275890e+04
   2.3800000e+00  -1.2140070e+04
   2.3900000e+00  -1.1136080e+04
   2.4000000e+00  -9.5387530e+03
   2.4100000e+00  -7.6123100e+03
   2.4200000e+00  -5.5929430e+03
   2.4300000e+00  -3.6762870e+03
   2.4400000e+00  -2.0100500e+03
   2.4500000e+00  -6.9165860e+02
   2.4600000e+00   2.2967820e+02
   2.4700000e+00   7.4742580e+02
   2.4800000e+00   8.8975970e+02
   2.4900000e+00   7.1030430e+02
   2.5000000e+00   2.7861570e+02
