 0.000000E+000   -7.346568E+002   
 1.000000E-002   -2.149626E+003   
 2.000000E-002   -3.446821E+003   
 3.000000E-002   -4.533842E+003   
 4.000000E-002   -5.337736E+003   
 5.000000E-002   -5.811485E+003   
 6.000000E-002   -5.937627E+003   
 7.000000E-002   -5.728756E+003   
 8.000000E-002   -5.225008E+003   
 9.000000E-002   -4.489005E+003   
 1.000000E-001   -3.598954E+003   
 1.100000E-001   -2.640675E+003   
 1.200000E-001   -1.699390E+003   
 1.300000E-001   -8.519768E+002   
 1.400000E-001   -1.602791E+002   
 1.500000E-001    3.340744E+002   
 1.600000E-001    6.130993E+002   
 1.700000E-001    6.840062E+002   
 1.800000E-001    5.788963E+002   
 1.900000E-001    3.527156E+002   
 2.000000E-001    7.965651E+001   
 2.100000E-001   -1.517562E+002   
 2.200000E-001   -2.446115E+002   
 2.300000E-001   -1.002625E+002   
 2.400000E-001    3.747000E+002   
 2.500000E-001    1.261589E+003   
 2.600000E-001    2.623358E+003   
 2.700000E-001    4.499416E+003   
 2.800000E-001    6.901995E+003   
 2.900000E-001    9.814409E+003   
 3.000000E-001    1.319146E+004   
 3.100000E-001    1.696206E+004   
 3.200000E-001    2.103393E+004   
 3.300000E-001    2.530025E+004   
 3.400000E-001    2.964767E+004   
 3.500000E-001    3.396518E+004   
 3.600000E-001    3.815301E+004   
 3.700000E-001    4.213053E+004   
 3.800000E-001    4.584199E+004   
 3.900000E-001    4.925909E+004   
 4.000000E-001    5.237985E+004   
 4.100000E-001    5.522350E+004   
 4.200000E-001    5.782243E+004   
 4.300000E-001    6.021264E+004   
 4.400000E-001    6.242452E+004   
 4.500000E-001    6.447583E+004   
 4.600000E-001    6.636823E+004   
 4.700000E-001    6.808788E+004   
 4.800000E-001    6.960977E+004   
 4.900000E-001    7.090500E+004   
 5.000000E-001    7.194955E+004   
 5.100000E-001    7.273310E+004   
 5.200000E-001    7.326658E+004   
 5.300000E-001    7.358735E+004   
 5.400000E-001    7.376127E+004   
 5.500000E-001    7.388129E+004   
 5.600000E-001    7.406250E+004   
 5.700000E-001    7.443374E+004   
 5.800000E-001    7.512631E+004   
 5.900000E-001    7.626063E+004   
 6.000000E-001    7.793197E+004   
 6.100000E-001    8.019646E+004   
 6.200000E-001    8.305893E+004   
 6.300000E-001    8.646400E+004   
 6.400000E-001    9.029155E+004   
 6.500000E-001    9.435763E+004   
 6.600000E-001    9.842132E+004   
 6.700000E-001    1.021976E+005   
 6.800000E-001    1.053752E+005   
 6.900000E-001    1.076387E+005   
 7.000000E-001    1.086923E+005   
 7.100000E-001    1.082838E+005   
 7.200000E-001    1.062261E+005   
 7.300000E-001    1.024158E+005   
 7.400000E-001    9.684485E+004   
 7.500000E-001    8.960674E+004   
 7.600000E-001    8.089470E+004   
 7.700000E-001    7.099215E+004   
 7.800000E-001    6.025572E+004   
 7.900000E-001    4.909176E+004   
 8.000000E-001    3.792847E+004   
 8.100000E-001    2.718602E+004   
 8.200000E-001    1.724769E+004   
 8.300000E-001    8.434822E+003   
 8.400000E-001    9.876735E+002   
 8.500000E-001   -4.946188E+003   
 8.600000E-001   -9.315465E+003   
 8.700000E-001   -1.216096E+004   
 8.800000E-001   -1.360464E+004   
 8.900000E-001   -1.383352E+004   
 9.000000E-001   -1.308012E+004   
 9.100000E-001   -1.160152E+004   
 9.200000E-001   -9.658810E+003   
 9.300000E-001   -7.498693E+003   
 9.400000E-001   -5.338401E+003   
 9.500000E-001   -3.354870E+003   
 9.600000E-001   -1.678480E+003   
 9.700000E-001   -3.912759E+002   
 9.800000E-001    4.708291E+002   
 9.900000E-001    9.126593E+002   
 1.000000E+000    9.721450E+002   
 1.010000E+000    7.114546E+002   
 1.020000E+000    2.078299E+002   
 1.030000E+000   -4.550782E+002   
 1.040000E+000   -1.194768E+003   
 1.050000E+000   -1.935950E+003   
 1.060000E+000   -2.614921E+003   
 1.070000E+000   -3.182263E+003   
 1.080000E+000   -3.603991E+003   
 1.090000E+000   -3.861387E+003   
 1.100000E+000   -3.949806E+003   
 1.110000E+000   -3.876745E+003   
 1.120000E+000   -3.659426E+003   
 1.130000E+000   -3.322110E+003   
 1.140000E+000   -2.893280E+003   
 1.150000E+000   -2.402767E+003   
 1.160000E+000   -1.878899E+003   
 1.170000E+000   -1.345701E+003   
 1.180000E+000   -8.202248E+002   
 1.190000E+000   -3.101473E+002   
 1.200000E+000    1.882273E+002   
 1.210000E+000    6.913332E+002   
 1.220000E+000    1.228869E+003   
 1.230000E+000    1.843281E+003   
 1.240000E+000    2.588063E+003   
 1.250000E+000    3.524813E+003   
 1.260000E+000    4.719139E+003   
 1.270000E+000    6.235605E+003   
 1.280000E+000    8.132065E+003   
 1.290000E+000    1.045380E+004   
 1.300000E+000    1.322792E+004   
 1.310000E+000    1.645863E+004   
 1.320000E+000    2.012367E+004   
 1.330000E+000    2.417270E+004   
 1.340000E+000    2.852787E+004   
 1.350000E+000    3.308698E+004   
 1.360000E+000    3.772923E+004   
 1.370000E+000    4.232320E+004   
 1.380000E+000    4.673640E+004   
 1.390000E+000    5.084517E+004   
 1.400000E+000    5.454392E+004   
 1.410000E+000    5.775251E+004   
 1.420000E+000    6.042100E+004   
 1.430000E+000    6.253145E+004   
 1.440000E+000    6.409710E+004   
 1.450000E+000    6.515941E+004   
 1.460000E+000    6.578394E+004   
 1.470000E+000    6.605586E+004   
 1.480000E+000    6.607566E+004   
 1.490000E+000    6.595529E+004   
 1.500000E+000    6.581472E+004   
 1.510000E+000    6.577837E+004   
 1.520000E+000    6.597118E+004   
 1.530000E+000    6.651368E+004   
 1.540000E+000    6.751612E+004   
 1.550000E+000    6.907160E+004   
 1.560000E+000    7.124869E+004   
 1.570000E+000    7.408406E+004   
 1.580000E+000    7.757569E+004   
 1.590000E+000    8.167740E+004   
 1.600000E+000    8.629527E+004   
 1.610000E+000    9.128630E+004   
 1.620000E+000    9.645993E+004   
 1.630000E+000    1.015827E+005   
 1.640000E+000    1.063861E+005   
 1.650000E+000    1.105784E+005   
 1.660000E+000    1.138593E+005   
 1.670000E+000    1.159377E+005   
 1.680000E+000    1.165516E+005   
 1.690000E+000    1.154887E+005   
 1.700000E+000    1.126057E+005   
 1.710000E+000    1.078455E+005   
 1.720000E+000    1.012487E+005   
 1.730000E+000    9.295945E+004   
 1.740000E+000    8.322230E+004   
 1.750000E+000    7.237103E+004   
 1.760000E+000    6.080876E+004   
 1.770000E+000    4.898127E+004   
 1.780000E+000    3.734561E+004   
 1.790000E+000    2.633735E+004   
 1.800000E+000    1.633978E+004   
 1.810000E+000    7.658240E+003   
 1.820000E+000    5.021254E+002   
 1.830000E+000   -5.023949E+003   
 1.840000E+000   -8.919564E+003   
 1.850000E+000   -1.127920E+004   
 1.860000E+000   -1.227589E+004   
 1.870000E+000   -1.214007E+004   
 1.880000E+000   -1.113608E+004   
 1.890000E+000   -9.538753E+003   
 1.900000E+000   -7.612310E+003   
 1.910000E+000   -5.592943E+003   
 1.920000E+000   -3.676287E+003   
 1.930000E+000   -2.010050E+003   
 1.940000E+000   -6.916586E+002   
 1.950000E+000    2.296782E+002   
 1.960000E+000    7.474258E+002   
 1.970000E+000    8.897597E+002   
 1.980000E+000    7.103043E+002   
 1.990000E+000    2.786157E+002   
 2.000000E+000   -3.286998E+002   
 2.010000E+000   -1.035545E+003   
 2.020000E+000   -1.772124E+003   
 2.030000E+000   -2.478762E+003   
 2.040000E+000   -3.107775E+003   
 2.050000E+000   -3.623630E+003   
 2.060000E+000   -4.001776E+003   
 2.070000E+000   -4.226666E+003   
 2.080000E+000   -4.289517E+003   
 2.090000E+000   -4.186337E+003   
 2.100000E+000   -3.916615E+003   
 2.110000E+000   -3.482903E+003   
 2.120000E+000   -2.891318E+003   
 2.130000E+000   -2.152754E+003   
 2.140000E+000   -1.284451E+003   
 2.150000E+000   -3.114191E+002   
 2.160000E+000    7.328163E+002   
 2.170000E+000    1.806638E+003   
 2.180000E+000    2.862303E+003   
 2.190000E+000    3.849618E+003   
 2.200000E+000    4.721233E+003   
 2.210000E+000    5.439210E+003   
 2.220000E+000    5.982260E+003   
 2.230000E+000    6.352827E+003   
 2.240000E+000    6.583070E+003   
 2.250000E+000    6.738728E+003   
 2.260000E+000    6.919936E+003   
 2.270000E+000    7.258187E+003   
 2.280000E+000    7.908959E+003   
 2.290000E+000    9.039896E+003   
 2.300000E+000    1.081497E+004   
 2.310000E+000    1.337564E+004   
 2.320000E+000    1.682059E+004   
 2.330000E+000    2.118618E+004   
 2.340000E+000    2.642998E+004   
 2.350000E+000    3.241971E+004   
 2.360000E+000    3.892965E+004   
 2.370000E+000    4.564585E+004   
 2.380000E+000    5.218083E+004   
 2.390000E+000    5.809726E+004   
 2.400000E+000    6.293941E+004   
 2.410000E+000    6.627000E+004   
 2.420000E+000    6.770937E+004   
 2.430000E+000    6.697329E+004   
 2.440000E+000    6.390526E+004   
 2.450000E+000    5.849922E+004   
 2.460000E+000    5.090917E+004   
 2.470000E+000    4.144330E+004   
 2.480000E+000    3.054198E+004   
 2.490000E+000    1.874128E+004   
 2.500000E+000    6.625501E+003   
