 0.000000E+000    9.946669E+003   
 1.000000E-002   -3.485602E+001   
 2.000000E-002   -9.272217E+003   
 3.000000E-002   -1.706892E+004   
 4.000000E-002   -2.287876E+004   
 5.000000E-002   -2.635288E+004   
 6.000000E-002   -2.736206E+004   
 7.000000E-002   -2.599290E+004   
 8.000000E-002   -2.252041E+004   
 9.000000E-002   -1.736233E+004   
 1.000000E-001   -1.102250E+004   
 1.100000E-001   -4.031308E+003   
 1.200000E-001    3.109701E+003   
 1.300000E-001    9.972728E+003   
 1.400000E-001    1.623438E+004   
 1.500000E-001    2.169022E+004   
 1.600000E-001    2.625368E+004   
 1.700000E-001    2.994172E+004   
 1.800000E-001    3.285076E+004   
 1.900000E-001    3.512741E+004   
 2.000000E-001    3.693833E+004   
 2.100000E-001    3.844313E+004   
 2.200000E-001    3.977327E+004   
 2.300000E-001    4.101870E+004   
 2.400000E-001    4.222264E+004   
 2.500000E-001    4.338398E+004   
 2.600000E-001    4.446557E+004   
 2.700000E-001    4.540661E+004   
 2.800000E-001    4.613662E+004   
 2.900000E-001    4.658920E+004   
 3.000000E-001    4.671366E+004   
 3.100000E-001    4.648330E+004   
 3.200000E-001    4.589985E+004   
 3.300000E-001    4.499362E+004   
 3.400000E-001    4.381994E+004   
 3.500000E-001    4.245254E+004   
 3.600000E-001    4.097495E+004   
 3.700000E-001    3.947117E+004   
 3.800000E-001    3.801690E+004   
 3.900000E-001    3.667264E+004   
 4.000000E-001    3.547938E+004   
 4.100000E-001    3.445739E+004   
 4.200000E-001    3.360800E+004   
 4.300000E-001    3.291776E+004   
 4.400000E-001    3.236420E+004   
 4.500000E-001    3.192217E+004   
 4.600000E-001    3.156982E+004   
 4.700000E-001    3.129337E+004   
 4.800000E-001    3.109034E+004   
 4.900000E-001    3.097071E+004   
 5.000000E-001    3.095613E+004   
 5.100000E-001    3.107737E+004   
 5.200000E-001    3.137030E+004   
 5.300000E-001    3.187093E+004   
 5.400000E-001    3.260994E+004   
 5.500000E-001    3.360731E+004   
 5.600000E-001    3.486737E+004   
 5.700000E-001    3.637465E+004   
 5.800000E-001    3.809097E+004   
 5.900000E-001    3.995392E+004   
 6.000000E-001    4.187708E+004   
 6.100000E-001    4.375225E+004   
 6.200000E-001    4.545367E+004   
 6.300000E-001    4.684432E+004   
 6.400000E-001    4.778400E+004   
 6.500000E-001    4.813893E+004   
 6.600000E-001    4.779224E+004   
 6.700000E-001    4.665457E+004   
 6.800000E-001    4.467371E+004   
 6.900000E-001    4.184211E+004   
 7.000000E-001    3.820108E+004   
 7.100000E-001    3.384057E+004   
 7.200000E-001    2.889431E+004   
 7.300000E-001    2.353031E+004   
 7.400000E-001    1.793768E+004   
 7.500000E-001    1.231112E+004   
 7.600000E-001    6.835057E+003   
 7.700000E-001    1.669247E+003   
 7.800000E-001   -3.062319E+003   
 7.900000E-001   -7.277903E+003   
 8.000000E-001   -1.093916E+004   
 8.100000E-001   -1.404695E+004   
 8.200000E-001   -1.663268E+004   
 8.300000E-001   -1.874671E+004   
 8.400000E-001   -2.044580E+004   
 8.500000E-001   -2.178174E+004   
 8.600000E-001   -2.279286E+004   
 8.700000E-001   -2.349950E+004   
 8.800000E-001   -2.390395E+004   
 8.900000E-001   -2.399446E+004   
 9.000000E-001   -2.375228E+004   
 9.100000E-001   -2.316042E+004   
 9.200000E-001   -2.221234E+004   
 9.300000E-001   -2.091903E+004   
 9.400000E-001   -1.931325E+004   
 9.500000E-001   -1.745029E+004   
 9.600000E-001   -1.540555E+004   
 9.700000E-001   -1.326912E+004   
 9.800000E-001   -1.113856E+004   
 9.900000E-001   -9.110356E+003   
 1.000000E+000   -7.271151E+003   
 1.010000E+000   -5.689405E+003   
 1.020000E+000   -4.408283E+003   
 1.030000E+000   -3.440516E+003   
 1.040000E+000   -2.765784E+003   
 1.050000E+000   -2.330975E+003   
 1.060000E+000   -2.053424E+003   
 1.070000E+000   -1.826958E+003   
 1.080000E+000   -1.530391E+003   
 1.090000E+000   -1.037882E+003   
 1.100000E+000   -2.303908E+002   
 1.110000E+000    9.927023E+002   
 1.120000E+000    2.702894E+003   
 1.130000E+000    4.933882E+003   
 1.140000E+000    7.675982E+003   
 1.150000E+000    1.087448E+004   
 1.160000E+000    1.443239E+004   
 1.170000E+000    1.821771E+004   
 1.180000E+000    2.207451E+004   
 1.190000E+000    2.583706E+004   
 1.200000E+000    2.934522E+004   
 1.210000E+000    3.245970E+004   
 1.220000E+000    3.507515E+004   
 1.230000E+000    3.712962E+004   
 1.240000E+000    3.860929E+004   
 1.250000E+000    3.954777E+004   
 1.260000E+000    4.002032E+004   
 1.270000E+000    4.013388E+004   
 1.280000E+000    4.001428E+004   
 1.290000E+000    3.979262E+004   
 1.300000E+000    3.959238E+004   
 1.310000E+000    3.951895E+004   
 1.320000E+000    3.965223E+004   
 1.330000E+000    4.004283E+004   
 1.340000E+000    4.071159E+004   
 1.350000E+000    4.165175E+004   
 1.360000E+000    4.283297E+004   
 1.370000E+000    4.420636E+004   
 1.380000E+000    4.570981E+004   
 1.390000E+000    4.727314E+004   
 1.400000E+000    4.882288E+004   
 1.410000E+000    5.028667E+004   
 1.420000E+000    5.159719E+004   
 1.430000E+000    5.269589E+004   
 1.440000E+000    5.353621E+004   
 1.450000E+000    5.408653E+004   
 1.460000E+000    5.433246E+004   
 1.470000E+000    5.427844E+004   
 1.480000E+000    5.394834E+004   
 1.490000E+000    5.338495E+004   
 1.500000E+000    5.264809E+004   
 1.510000E+000    5.181130E+004   
 1.520000E+000    5.095703E+004   
 1.530000E+000    5.017061E+004   
 1.540000E+000    4.953302E+004   
 1.550000E+000    4.911316E+004   
 1.560000E+000    4.896016E+004   
 1.570000E+000    4.909641E+004   
 1.580000E+000    4.951224E+004   
 1.590000E+000    5.016295E+004   
 1.600000E+000    5.096885E+004   
 1.610000E+000    5.181873E+004   
 1.620000E+000    5.257663E+004   
 1.630000E+000    5.309176E+004   
 1.640000E+000    5.321062E+004   
 1.650000E+000    5.279040E+004   
 1.660000E+000    5.171219E+004   
 1.670000E+000    4.989266E+004   
 1.680000E+000    4.729292E+004   
 1.690000E+000    4.392356E+004   
 1.700000E+000    3.984503E+004   
 1.710000E+000    3.516366E+004   
 1.720000E+000    3.002338E+004   
 1.730000E+000    2.459425E+004   
 1.740000E+000    1.905899E+004   
 1.750000E+000    1.359891E+004   
 1.760000E+000    8.380780E+003   
 1.770000E+000    3.545804E+003   
 1.780000E+000   -7.981113E+002   
 1.790000E+000   -4.580411E+003   
 1.800000E+000   -7.768040E+003   
 1.810000E+000   -1.036208E+004   
 1.820000E+000   -1.239160E+004   
 1.830000E+000   -1.390568E+004   
 1.840000E+000   -1.496474E+004   
 1.850000E+000   -1.563224E+004   
 1.860000E+000   -1.596761E+004   
 1.870000E+000   -1.602106E+004   
 1.880000E+000   -1.583082E+004   
 1.890000E+000   -1.542262E+004   
 1.900000E+000   -1.481157E+004   
 1.910000E+000   -1.400583E+004   
 1.920000E+000   -1.301141E+004   
 1.930000E+000   -1.183741E+004   
 1.940000E+000   -1.050076E+004   
 1.950000E+000   -9.029683E+003   
 1.960000E+000   -7.465314E+003   
 1.970000E+000   -5.861086E+003   
 1.980000E+000   -4.279928E+003   
 1.990000E+000   -2.789556E+003   
 2.000000E+000   -1.456426E+003   
 2.010000E+000   -3.390301E+002   
 2.020000E+000    5.187352E+002   
 2.030000E+000    1.093495E+003   
 2.040000E+000    1.387068E+003   
 2.050000E+000    1.429466E+003   
 2.060000E+000    1.279934E+003   
 2.070000E+000    1.025761E+003   
 2.080000E+000    7.787112E+002   
 2.090000E+000    6.689799E+002   
 2.100000E+000    8.367620E+002   
 2.110000E+000    1.421746E+003   
 2.120000E+000    2.551146E+003   
 2.130000E+000    4.327176E+003   
 2.140000E+000    6.815121E+003   
 2.150000E+000    1.003332E+004   
 2.160000E+000    1.394638E+004   
 2.170000E+000    1.846282E+004   
 2.180000E+000    2.343786E+004   
 2.190000E+000    2.868168E+004   
 2.200000E+000    3.397263E+004   
 2.210000E+000    3.907443E+004   
 2.220000E+000    4.375569E+004   
 2.230000E+000    4.780974E+004   
 2.240000E+000    5.107278E+004   
 2.250000E+000    5.343839E+004   
 2.260000E+000    5.486695E+004   
 2.270000E+000    5.538897E+004   
 2.280000E+000    5.510199E+004   
 2.290000E+000    5.416136E+004   
 2.300000E+000    5.276539E+004   
 2.310000E+000    5.113628E+004   
 2.320000E+000    4.949811E+004   
 2.330000E+000    4.805394E+004   
 2.340000E+000    4.696386E+004   
 2.350000E+000    4.632642E+004   
 2.360000E+000    4.616519E+004   
 2.370000E+000    4.642238E+004   
 2.380000E+000    4.696057E+004   
 2.390000E+000    4.757294E+004   
 2.400000E+000    4.800175E+004   
 2.410000E+000    4.796355E+004   
 2.420000E+000    4.717908E+004   
 2.430000E+000    4.540478E+004   
 2.440000E+000    4.246249E+004   
 2.450000E+000    3.826377E+004   
 2.460000E+000    3.282544E+004   
 2.470000E+000    2.627392E+004   
 2.480000E+000    1.883705E+004   
 2.490000E+000    1.082376E+004   
 2.500000E+000    2.593674E+003   
