   0.0000000e+00   1.7758969e-01
   1.0000000e-02   1.6261856e-01
   2.0000000e-02   1.4782553e-01
   3.0000000e-02   1.3344510e-01
   4.0000000e-02   1.1970311e-01
   5.0000000e-02   1.0681040e-01
   6.0000000e-02   9.4956488e-02
   7.0000000e-02   8.4303278e-02
   8.0000000e-02   7.4979188e-02
   9.0000000e-02   6.7074050e-02
   1.0000000e-01   6.0635374e-02
   1.1000000e-01   5.5666701e-02
   1.2000000e-01   5.2128412e-02
   1.3000000e-01   4.9941602e-02
   1.4000000e-01   4.8995232e-02
   1.5000000e-01   4.9156413e-02
   1.6000000e-01   5.0283616e-02
   1.7000000e-01   5.2242173e-02
   1.8000000e-01   5.4921201e-02
   1.9000000e-01   5.8251062e-02
   2.0000000e-01   6.2219923e-02
   2.1000000e-01   6.6887981e-02
   2.2000000e-01   7.2398107e-02
   2.3000000e-01   7.8980983e-02
   2.4000000e-01   8.6953822e-02
   2.5000000e-01   9.6711417e-02
   2.6000000e-01   1.0870909e-01
   2.7000000e-01   1.2343801e-01
   2.8000000e-01   1.4139343e-01
   2.9000000e-01   1.6303819e-01
   3.0000000e-01   1.8876347e-01
   3.1000000e-01   2.1885050e-01
   3.2000000e-01   2.5343490e-01
   3.3000000e-01   2.9248001e-01
   3.4000000e-01   3.3575806e-01
   3.5000000e-01   3.8284408e-01
   3.6000000e-01   4.3312457e-01
   3.7000000e-01   4.8581624e-01
   3.8000000e-01   5.3999876e-01
   3.9000000e-01   5.9465497e-01
   4.0000000e-01   6.4871724e-01
   4.1000000e-01   7.0111429e-01
   4.2000000e-01   7.5081534e-01
   4.3000000e-01   7.9686847e-01
   4.4000000e-01   8.3842982e-01
   4.5000000e-01   8.7478276e-01
   4.6000000e-01   9.0534661e-01
   4.7000000e-01   9.2967598e-01
   4.8000000e-01   9.4745129e-01
   4.9000000e-01   9.5846536e-01
   5.0000000e-01   9.6260546e-01
   5.1000000e-01   9.5983649e-01
   5.2000000e-01   9.5018517e-01
   5.3000000e-01   9.3373021e-01
   5.4000000e-01   9.1059761e-01
   5.5000000e-01   8.8096175e-01
   5.6000000e-01   8.4505422e-01
   5.7000000e-01   8.0317783e-01
   5.8000000e-01   7.5572320e-01
   5.9000000e-01   7.0318914e-01
   6.0000000e-01   6.4619978e-01
   6.1000000e-01   5.8551869e-01
   6.2000000e-01   5.2205451e-01
   6.3000000e-01   4.5685773e-01
   6.4000000e-01   3.9110542e-01
   6.5000000e-01   3.2607288e-01
   6.6000000e-01   2.6309477e-01
   6.7000000e-01   2.0351290e-01
   6.8000000e-01   1.4861861e-01
   6.9000000e-01   9.9589255e-02
   7.0000000e-01   5.7426987e-02
   7.1000000e-01   2.2902385e-02
   7.2000000e-01  -3.4903601e-03
   7.3000000e-01  -2.1562984e-02
   7.4000000e-01  -3.1444096e-02
   7.5000000e-01  -3.3570134e-02
   7.6000000e-01  -2.8656526e-02
   7.7000000e-01  -1.7651614e-02
   7.8000000e-01  -1.6770078e-03
   7.9000000e-01   1.8040194e-02
   8.0000000e-01   4.0238042e-02
   8.1000000e-01   6.3687413e-02
   8.2000000e-01   8.7252133e-02
   8.3000000e-01   1.0993756e-01
   8.4000000e-01   1.3092552e-01
   8.5000000e-01   1.4959419e-01
   8.6000000e-01   1.6552322e-01
   8.7000000e-01   1.7848522e-01
   8.8000000e-01   1.8842627e-01
   8.9000000e-01   1.9543761e-01
   9.0000000e-01   1.9972274e-01
   9.1000000e-01   2.0156266e-01
   9.2000000e-01   2.0128341e-01
   9.3000000e-01   1.9922689e-01
   9.4000000e-01   1.9572751e-01
   9.5000000e-01   1.9109610e-01
   9.6000000e-01   1.8560913e-01
   9.7000000e-01   1.7950537e-01
   9.8000000e-01   1.7298628e-01
   9.9000000e-01   1.6622132e-01
   1.0000000e+00   1.5935350e-01
   1.0100000e+00   1.5250635e-01
   1.0200000e+00   1.4578946e-01
   1.0300000e+00   1.3930232e-01
   1.0400000e+00   1.3313572e-01
   1.0500000e+00   1.2737106e-01
   1.0600000e+00   1.2207749e-01
   1.0700000e+00   1.1730801e-01
   1.0800000e+00   1.1309505e-01
   1.0900000e+00   1.0944679e-01
   1.1000000e+00   1.0634553e-01
   1.1100000e+00   1.0374911e-01
   1.1200000e+00   1.0159614e-01
   1.1300000e+00   9.9815799e-02
   1.1400000e+00   9.8341659e-02
   1.1500000e+00   9.7129318e-02
   1.1600000e+00   9.6176246e-02
   1.1700000e+00   9.5541871e-02
   1.1800000e+00   9.5366152e-02
   1.1900000e+00   9.5883363e-02
   1.2000000e+00   9.7429462e-02
   1.2100000e+00   1.0044038e-01
   1.2200000e+00   1.0544024e-01
   1.2300000e+00   1.1301869e-01
   1.2400000e+00   1.2379837e-01
   1.2500000e+00   1.3839419e-01
   1.2600000e+00   1.5736712e-01
   1.2700000e+00   1.8117670e-01
   1.2800000e+00   2.1013572e-01
   1.2900000e+00   2.4437193e-01
   1.3000000e+00   2.8380031e-01
   1.3100000e+00   3.2810706e-01
   1.3200000e+00   3.7675166e-01
   1.3300000e+00   4.2898116e-01
   1.3400000e+00   4.8386025e-01
   1.3500000e+00   5.4031414e-01
   1.3600000e+00   5.9717784e-01
   1.3700000e+00   6.5325178e-01
   1.3800000e+00   7.0735437e-01
   1.3900000e+00   7.5837244e-01
   1.4000000e+00   8.0530137e-01
   1.4100000e+00   8.4727410e-01
   1.4200000e+00   8.8357939e-01
   1.4300000e+00   9.1366555e-01
   1.4400000e+00   9.3713517e-01
   1.4500000e+00   9.5372889e-01
   1.4600000e+00   9.6330638e-01
   1.4700000e+00   9.6582175e-01
   1.4800000e+00   9.6130135e-01
   1.4900000e+00   9.4982511e-01
   1.5000000e+00   9.3151399e-01
   1.5100000e+00   9.0652384e-01
   1.5200000e+00   8.7504892e-01
   1.5300000e+00   8.3733183e-01
   1.5400000e+00   7.9368150e-01
   1.5500000e+00   7.4449358e-01
   1.5600000e+00   6.9027405e-01
   1.5700000e+00   6.3165996e-01
   1.5800000e+00   5.6943583e-01
   1.5900000e+00   5.0454030e-01
   1.6000000e+00   4.3806385e-01
   1.6100000e+00   3.7123171e-01
   1.6200000e+00   3.0537380e-01
   1.6300000e+00   2.4188169e-01
   1.6400000e+00   1.8215356e-01
   1.6500000e+00   1.2753231e-01
   1.6600000e+00   7.9237826e-02
   1.6700000e+00   3.8301983e-02
   1.6800000e+00   5.5093796e-03
   1.6900000e+00  -1.8649733e-02
   1.7000000e+00  -3.4010498e-02
   1.7100000e+00  -4.0744903e-02
   1.7200000e+00  -3.9352550e-02
   1.7300000e+00  -3.0631087e-02
   1.7400000e+00  -1.5628572e-02
   1.7500000e+00   4.4182940e-03
   1.7600000e+00   2.8155198e-02
   1.7700000e+00   5.4185265e-02
   1.7800000e+00   8.1142678e-02
   1.7900000e+00   1.0775994e-01
   1.8000000e+00   1.3292464e-01
   1.8100000e+00   1.5572224e-01
   1.8200000e+00   1.7546301e-01
   1.8300000e+00   1.9169248e-01
   1.8400000e+00   2.0418572e-01
   1.8500000e+00   2.1292720e-01
   1.8600000e+00   2.1808011e-01
   1.8700000e+00   2.1994831e-01
   1.8800000e+00   2.1893340e-01
   1.8900000e+00   2.1549336e-01
   1.9000000e+00   2.1010413e-01
   1.9100000e+00   2.0322649e-01
   1.9200000e+00   1.9528140e-01
   1.9300000e+00   1.8663329e-01
   1.9400000e+00   1.7758236e-01
   1.9500000e+00   1.6836369e-01
   1.9600000e+00   1.5915240e-01
   1.9700000e+00   1.5007357e-01
   1.9800000e+00   1.4121386e-01
   1.9900000e+00   1.3263343e-01
   2.0000000e+00   1.2437660e-01
   2.0100000e+00   1.1647966e-01
   2.0200000e+00   1.0897588e-01
   2.0300000e+00   1.0189719e-01
   2.0400000e+00   9.5273300e-02
   2.0500000e+00   8.9128921e-02
   2.0600000e+00   8.3480599e-02
   2.0700000e+00   7.8333745e-02
   2.0800000e+00   7.3681413e-02
   2.0900000e+00   6.9505311e-02
   2.1000000e+00   6.5779714e-02
   2.1100000e+00   6.2478337e-02
   2.1200000e+00   5.9583813e-02
   2.1300000e+00   5.7099354e-02
   2.1400000e+00   5.5061438e-02
   2.1500000e+00   5.3552583e-02
   2.1600000e+00   5.2712958e-02
   2.1700000e+00   5.2749418e-02
   2.1800000e+00   5.3940884e-02
   2.1900000e+00   5.6638500e-02
   2.2000000e+00   6.1259783e-02
   2.2100000e+00   6.8275605e-02
   2.2200000e+00   7.8190070e-02
   2.2300000e+00   9.1513302e-02
   2.2400000e+00   1.0872825e-01
   2.2500000e+00   1.3025336e-01
   2.2600000e+00   1.5640372e-01
   2.2700000e+00   1.8735376e-01
   2.2800000e+00   2.2310491e-01
   2.2900000e+00   2.6346199e-01
   2.3000000e+00   3.0802059e-01
   2.3100000e+00   3.5616847e-01
   2.3200000e+00   4.0710032e-01
   2.3300000e+00   4.5984888e-01
   2.3400000e+00   5.1332647e-01
   2.3500000e+00   5.6637854e-01
   2.3600000e+00   6.1784167e-01
   2.3700000e+00   6.6660512e-01
   2.3800000e+00   7.1166935e-01
   2.3900000e+00   7.5219729e-01
   2.4000000e+00   7.8755591e-01
   2.4100000e+00   8.1734467e-01
   2.4200000e+00   8.4140875e-01
   2.4300000e+00   8.5983698e-01
   2.4400000e+00   8.7294405e-01
   2.4500000e+00   8.8123978e-01
   2.4600000e+00   8.8538528e-01
   2.4700000e+00   8.8614380e-01
   2.4800000e+00   8.8432500e-01
   2.4900000e+00   8.8073032e-01
   2.5000000e+00   8.7610310e-01
