


A.  .plot_3.curve_4.x_data (NO UNITS)
B.  .plot_3.curve_4.y_data (newton-mm)

       A               B         
 0.000000E+000    9.086451E+004   
 1.000000E-002    1.072097E+005   
 2.000000E-002    1.223797E+005   
 3.000000E-002    1.352450E+005   
 4.000000E-002    1.448593E+005   
 5.000000E-002    1.505301E+005   
 6.000000E-002    1.518647E+005   
 7.000000E-002    1.487881E+005   
 8.000000E-002    1.415328E+005   
 9.000000E-002    1.306022E+005   
 1.000000E-001    1.167133E+005   
 1.100000E-001    1.007253E+005   
 1.200000E-001    8.356217E+004   
 1.300000E-001    6.613640E+004   
 1.400000E-001    4.928201E+004   
 1.500000E-001    3.370117E+004   
 1.600000E-001    1.992838E+004   
 1.700000E-001    8.313282E+003   
 1.800000E-001   -9.785631E+002   
 1.900000E-001   -7.949421E+003   
 2.000000E-001   -1.274136E+004   
 2.100000E-001   -1.560086E+004   
 2.200000E-001   -1.684051E+004   
 2.300000E-001   -1.680209E+004   
 2.400000E-001   -1.582419E+004   
 2.500000E-001   -1.421685E+004   
 2.600000E-001   -1.224427E+004   
 2.700000E-001   -1.011571E+004   
 2.800000E-001   -7.983772E+003   
 2.900000E-001   -5.948683E+003   
 3.000000E-001   -4.066777E+003   
 3.100000E-001   -2.361345E+003   
 3.200000E-001   -8.341054E+002   
 3.300000E-001    5.242023E+002   
 3.400000E-001    1.725245E+003   
 3.500000E-001    2.777266E+003   
 3.600000E-001    3.682244E+003   
 3.700000E-001    4.435805E+003   
 3.800000E-001    5.029275E+003   
 3.900000E-001    5.452990E+003   
 4.000000E-001    5.699967E+003   
 4.100000E-001    5.769086E+003   
 4.200000E-001    5.667188E+003   
 4.300000E-001    5.409712E+003   
 4.400000E-001    5.019809E+003   
 4.500000E-001    4.526093E+003   
 4.600000E-001    3.959425E+003   
 4.700000E-001    3.349279E+003   
 4.800000E-001    2.720360E+003   
 4.900000E-001    2.090079E+003   
 5.000000E-001    1.467385E+003   
 5.100000E-001    8.531659E+002   
 5.200000E-001    2.420951E+002   
 5.300000E-001   -3.745107E+002   
 5.400000E-001   -1.005499E+003   
 5.500000E-001   -1.657053E+003   
 5.600000E-001   -2.330772E+003   
 5.700000E-001   -3.022895E+003   
 5.800000E-001   -3.724542E+003   
 5.900000E-001   -4.422577E+003   
 6.000000E-001   -5.100615E+003   
 6.100000E-001   -5.739762E+003   
 6.200000E-001   -6.318973E+003   
 6.300000E-001   -6.815165E+003   
 6.400000E-001   -7.203433E+003   
 6.500000E-001   -7.457787E+003   
 6.600000E-001   -7.552699E+003   
 6.700000E-001   -7.465547E+003   
 6.800000E-001   -7.179739E+003   
 6.900000E-001   -6.688070E+003   
 7.000000E-001   -5.995689E+003   
 7.100000E-001   -5.122071E+003   
 7.200000E-001   -4.101471E+003   
 7.300000E-001   -2.981543E+003   
 7.400000E-001   -1.820057E+003   
 7.500000E-001   -6.799432E+002   
 7.600000E-001    3.767717E+002   
 7.700000E-001    1.295263E+003   
 7.800000E-001    2.033430E+003   
 7.900000E-001    2.565701E+003   
 8.000000E-001    2.884522E+003   
 8.100000E-001    2.999441E+003   
 8.200000E-001    2.934229E+003   
 8.300000E-001    2.722912E+003   
 8.400000E-001    2.405738E+003   
 8.500000E-001    2.025938E+003   
 8.600000E-001    1.627749E+003   
 8.700000E-001    1.255608E+003   
 8.800000E-001    9.540502E+002   
 8.900000E-001    7.675888E+002   
 9.000000E-001    7.398997E+002   
 9.100000E-001    9.119071E+002   
 9.200000E-001    1.318756E+003   
 9.300000E-001    1.986077E+003   
 9.400000E-001    2.926257E+003   
 9.500000E-001    4.135544E+003   
 9.600000E-001    5.592748E+003   
 9.700000E-001    7.260041E+003   
 9.800000E-001    9.085994E+003   
 9.900000E-001    1.101060E+004   
 1.000000E+000    1.297164E+004   
 1.010000E+000    1.491159E+004   
 1.020000E+000    1.678399E+004   
 1.030000E+000    1.855857E+004   
 1.040000E+000    2.022431E+004   
 1.050000E+000    2.179019E+004   
 1.060000E+000    2.328370E+004   
 1.070000E+000    2.474715E+004   
 1.080000E+000    2.623256E+004   
 1.090000E+000    2.779562E+004   
 1.100000E+000    2.948933E+004   
 1.110000E+000    3.135822E+004   
 1.120000E+000    3.343347E+004   
 1.130000E+000    3.572947E+004   
 1.140000E+000    3.824209E+004   
 1.150000E+000    4.094850E+004   
 1.160000E+000    4.380853E+004   
 1.170000E+000    4.676708E+004   
 1.180000E+000    4.975711E+004   
 1.190000E+000    5.270304E+004   
 1.200000E+000    5.552406E+004   
 1.210000E+000    5.813741E+004   
 1.220000E+000    6.046167E+004   
 1.230000E+000    6.242018E+004   
 1.240000E+000    6.394470E+004   
 1.250000E+000    6.497926E+004   
 1.260000E+000    6.548407E+004   
 1.270000E+000    6.543889E+004   
 1.280000E+000    6.484568E+004   
 1.290000E+000    6.372981E+004   
 1.300000E+000    6.213968E+004   
 1.310000E+000    6.014463E+004   
 1.320000E+000    5.783110E+004   
 1.330000E+000    5.529750E+004   
 1.340000E+000    5.264816E+004   
 1.350000E+000    4.998697E+004   
 1.360000E+000    4.741140E+004   
 1.370000E+000    4.500729E+004   
 1.380000E+000    4.284514E+004   
 1.390000E+000    4.097793E+004   
 1.400000E+000    3.944065E+004   
 1.410000E+000    3.825141E+004   
 1.420000E+000    3.741373E+004   
 1.430000E+000    3.691967E+004   
 1.440000E+000    3.675328E+004   
 1.450000E+000    3.689404E+004   
 1.460000E+000    3.731961E+004   
 1.470000E+000    3.800786E+004   
 1.480000E+000    3.893767E+004   
 1.490000E+000    4.008882E+004   
 1.500000E+000    4.144084E+004   
 1.510000E+000    4.297134E+004   
 1.520000E+000    4.465407E+004   
 1.530000E+000    4.645711E+004   
 1.540000E+000    4.834142E+004   
 1.550000E+000    5.026005E+004   
 1.560000E+000    5.215786E+004   
 1.570000E+000    5.397205E+004   
 1.580000E+000    5.563327E+004   
 1.590000E+000    5.706740E+004   
 1.600000E+000    5.819793E+004   
 1.610000E+000    5.894892E+004   
 1.620000E+000    5.924848E+004   
 1.630000E+000    5.903257E+004   
 1.640000E+000    5.824915E+004   
 1.650000E+000    5.686226E+004   
 1.660000E+000    5.485600E+004   
 1.670000E+000    5.223790E+004   
 1.680000E+000    4.904135E+004   
 1.690000E+000    4.532652E+004   
 1.700000E+000    4.117931E+004   
 1.710000E+000    3.670805E+004   
 1.720000E+000    3.203781E+004   
 1.730000E+000    2.730268E+004   
 1.740000E+000    2.263660E+004   
 1.750000E+000    1.816387E+004   
 1.760000E+000    1.399045E+004   
 1.770000E+000    1.019732E+004   
 1.780000E+000    6.836881E+003   
 1.790000E+000    3.932678E+003   
 1.800000E+000    1.482500E+003   
 1.810000E+000   -5.360577E+002   
 1.820000E+000   -2.158656E+003   
 1.830000E+000   -3.427229E+003   
 1.840000E+000   -4.384129E+003   
 1.850000E+000   -5.068220E+003   
 1.860000E+000   -5.513249E+003   
 1.870000E+000   -5.748326E+003   
 1.880000E+000   -5.799880E+003   
 1.890000E+000   -5.694224E+003   
 1.900000E+000   -5.459782E+003   
 1.910000E+000   -5.128239E+003   
 1.920000E+000   -4.734200E+003   
 1.930000E+000   -4.313408E+003   
 1.940000E+000   -3.899865E+003   
 1.950000E+000   -3.522481E+003   
 1.960000E+000   -3.201901E+003   
 1.970000E+000   -2.948101E+003   
 1.980000E+000   -2.759212E+003   
 1.990000E+000   -2.621789E+003   
 2.000000E+000   -2.512568E+003   
 2.010000E+000   -2.401524E+003   
 2.020000E+000   -2.255873E+003   
 2.030000E+000   -2.044549E+003   
 2.040000E+000   -1.742589E+003   
 2.050000E+000   -1.334893E+003   
 2.060000E+000   -8.188506E+002   
 2.070000E+000   -2.054592E+002   
 2.080000E+000    4.812954E+002   
 2.090000E+000    1.206758E+003   
 2.100000E+000    1.929359E+003   
 2.110000E+000    2.605336E+003   
 2.120000E+000    3.193822E+003   
 2.130000E+000    3.661726E+003   
 2.140000E+000    3.987868E+003   
 2.150000E+000    4.165964E+003   
 2.160000E+000    4.206139E+003   
 2.170000E+000    4.134776E+003   
 2.180000E+000    3.992684E+003   
 2.190000E+000    3.831688E+003   
 2.200000E+000    3.709973E+003   
 2.210000E+000    3.686632E+003   
 2.220000E+000    3.815969E+003   
 2.230000E+000    4.142151E+003   
 2.240000E+000    4.694732E+003   
 2.250000E+000    5.485523E+003   
 2.260000E+000    6.507107E+003   
 2.270000E+000    7.733186E+003   
 2.280000E+000    9.120811E+003   
 2.290000E+000    1.061438E+004   
 2.300000E+000    1.215120E+004   
 2.310000E+000    1.366814E+004   
 2.320000E+000    1.510910E+004   
 2.330000E+000    1.643230E+004   
 2.340000E+000    1.761710E+004   
 2.350000E+000    1.866927E+004   
 2.360000E+000    1.962410E+004   
 2.370000E+000    2.054672E+004   
 2.380000E+000    2.152917E+004   
 2.390000E+000    2.268410E+004   
 2.400000E+000    2.413532E+004   
 2.410000E+000    2.600589E+004   
 2.420000E+000    2.840478E+004   
 2.430000E+000    3.141351E+004   
 2.440000E+000    3.507420E+004   
 2.450000E+000    3.938086E+004   
 2.460000E+000    4.427498E+004   
 2.470000E+000    4.964647E+004   
 2.480000E+000    5.534025E+004   
 2.490000E+000    6.116811E+004   
 2.500000E+000    6.692485E+004   
