


A.  .plot_3.curve_1.x_data (NO UNITS)
B.  .plot_3.curve_1.y_data (newton-mm)

       A               B         
 0.000000E+000    1.338487E+005   
 1.000000E-002    1.598103E+005   
 2.000000E-002    1.838716E+005   
 3.000000E-002    2.041025E+005   
 4.000000E-002    2.188760E+005   
 5.000000E-002    2.269905E+005   
 6.000000E-002    2.277518E+005   
 7.000000E-002    2.210068E+005   
 8.000000E-002    2.071304E+005   
 9.000000E-002    1.869669E+005   
 1.000000E-001    1.617361E+005   
 1.100000E-001    1.329138E+005   
 1.200000E-001    1.021003E+005   
 1.300000E-001    7.089045E+004   
 1.400000E-001    4.075536E+004   
 1.500000E-001    1.294753E+004   
 1.600000E-001   -1.156638E+004   
 1.700000E-001   -3.214157E+004   
 1.800000E-001   -4.846105E+004   
 1.900000E-001   -6.051504E+004   
 2.000000E-001   -6.855935E+004   
 2.100000E-001   -7.305930E+004   
 2.200000E-001   -7.462591E+004   
 2.300000E-001   -7.395063E+004   
 2.400000E-001   -7.174403E+004   
 2.500000E-001   -6.868238E+004   
 2.600000E-001   -6.536528E+004   
 2.700000E-001   -6.228538E+004   
 2.800000E-001   -5.981076E+004   
 2.900000E-001   -5.817901E+004   
 3.000000E-001   -5.750130E+004   
 3.100000E-001   -5.777447E+004   
 3.200000E-001   -5.889864E+004   
 3.300000E-001   -6.069821E+004   
 3.400000E-001   -6.294428E+004   
 3.500000E-001   -6.537681E+004   
 3.600000E-001   -6.772544E+004   
 3.700000E-001   -6.972820E+004   
 3.800000E-001   -7.114752E+004   
 3.900000E-001   -7.178350E+004   
 4.000000E-001   -7.148421E+004   
 4.100000E-001   -7.015322E+004   
 4.200000E-001   -6.775432E+004   
 4.300000E-001   -6.431360E+004   
 4.400000E-001   -5.991855E+004   
 4.500000E-001   -5.471425E+004   
 4.600000E-001   -4.889628E+004   
 4.700000E-001   -4.270031E+004   
 4.800000E-001   -3.638848E+004   
 4.900000E-001   -3.023290E+004   
 5.000000E-001   -2.449751E+004   
 5.100000E-001   -1.941944E+004   
 5.200000E-001   -1.519182E+004   
 5.300000E-001   -1.194992E+004   
 5.400000E-001   -9.762266E+003   
 5.500000E-001   -8.627891E+003   
 5.600000E-001   -8.479941E+003   
 5.700000E-001   -9.195057E+003   
 5.800000E-001   -1.060708E+004   
 5.900000E-001   -1.252307E+004   
 6.000000E-001   -1.473964E+004   
 6.100000E-001   -1.705746E+004   
 6.200000E-001   -1.929292E+004   
 6.300000E-001   -2.128616E+004   
 6.400000E-001   -2.290576E+004   
 6.500000E-001   -2.405072E+004   
 6.600000E-001   -2.465092E+004   
 6.700000E-001   -2.466695E+004   
 6.800000E-001   -2.409008E+004   
 6.900000E-001   -2.294242E+004   
 7.000000E-001   -2.127697E+004   
 7.100000E-001   -1.917670E+004   
 7.200000E-001   -1.675154E+004   
 7.300000E-001   -1.413236E+004   
 7.400000E-001   -1.146173E+004   
 7.500000E-001   -8.881791E+003   
 7.600000E-001   -6.520929E+003   
 7.700000E-001   -4.481287E+003   
 7.800000E-001   -2.829654E+003   
 7.900000E-001   -1.593493E+003   
 8.000000E-001   -7.628903E+002   
 8.100000E-001   -2.977575E+002   
 8.200000E-001   -1.384049E+002   
 8.300000E-001   -2.168878E+002   
 8.400000E-001   -4.665101E+002   
 8.500000E-001   -8.275818E+002   
 8.600000E-001   -1.248681E+003   
 8.700000E-001   -1.683939E+003   
 8.800000E-001   -2.087908E+003   
 8.900000E-001   -2.410130E+003   
 9.000000E-001   -2.591511E+003   
 9.100000E-001   -2.564053E+003   
 9.200000E-001   -2.254502E+003   
 9.300000E-001   -1.591459E+003   
 9.400000E-001   -5.144762E+002   
 9.500000E-001    1.016818E+003   
 9.600000E-001    3.015686E+003   
 9.700000E-001    5.465002E+003   
 9.800000E-001    8.318660E+003   
 9.900000E-001    1.150762E+004   
 1.000000E+000    1.494970E+004   
 1.010000E+000    1.856140E+004   
 1.020000E+000    2.226994E+004   
 1.030000E+000    2.602340E+004   
 1.040000E+000    2.979753E+004   
 1.050000E+000    3.359817E+004   
 1.060000E+000    3.745911E+004   
 1.070000E+000    4.143561E+004   
 1.080000E+000    4.559481E+004   
 1.090000E+000    5.000413E+004   
 1.100000E+000    5.471917E+004   
 1.110000E+000    5.977273E+004   
 1.120000E+000    6.516606E+004   
 1.130000E+000    7.086342E+004   
 1.140000E+000    7.679052E+004   
 1.150000E+000    8.283693E+004   
 1.160000E+000    8.886215E+004   
 1.170000E+000    9.470439E+004   
 1.180000E+000    1.001911E+005   
 1.190000E+000    1.051497E+005   
 1.200000E+000    1.094183E+005   
 1.210000E+000    1.128539E+005   
 1.220000E+000    1.153400E+005   
 1.230000E+000    1.167908E+005   
 1.240000E+000    1.171543E+005   
 1.250000E+000    1.164130E+005   
 1.260000E+000    1.145834E+005   
 1.270000E+000    1.117141E+005   
 1.280000E+000    1.078824E+005   
 1.290000E+000    1.031917E+005   
 1.300000E+000    9.776607E+004   
 1.310000E+000    9.174654E+004   
 1.320000E+000    8.528559E+004   
 1.330000E+000    7.854227E+004   
 1.340000E+000    7.167705E+004   
 1.350000E+000    6.484684E+004   
 1.360000E+000    5.820033E+004   
 1.370000E+000    5.187364E+004   
 1.380000E+000    4.598651E+004   
 1.390000E+000    4.063911E+004   
 1.400000E+000    3.590963E+004   
 1.410000E+000    3.185289E+004   
 1.420000E+000    2.849996E+004   
 1.430000E+000    2.585897E+004   
 1.440000E+000    2.391691E+004   
 1.450000E+000    2.264237E+004   
 1.460000E+000    2.198884E+004   
 1.470000E+000    2.189829E+004   
 1.480000E+000    2.230450E+004   
 1.490000E+000    2.313593E+004   
 1.500000E+000    2.431766E+004   
 1.510000E+000    2.577242E+004   
 1.520000E+000    2.742061E+004   
 1.530000E+000    2.917971E+004   
 1.540000E+000    3.096342E+004   
 1.550000E+000    3.268127E+004   
 1.560000E+000    3.423906E+004   
 1.570000E+000    3.554085E+004   
 1.580000E+000    3.649251E+004   
 1.590000E+000    3.700689E+004   
 1.600000E+000    3.701001E+004   
 1.610000E+000    3.644778E+004   
 1.620000E+000    3.529207E+004   
 1.630000E+000    3.354551E+004   
 1.640000E+000    3.124382E+004   
 1.650000E+000    2.845539E+004   
 1.660000E+000    2.527747E+004   
 1.670000E+000    2.182914E+004   
 1.680000E+000    1.824167E+004   
 1.690000E+000    1.464693E+004   
 1.700000E+000    1.116531E+004   
 1.710000E+000    7.894266E+003   
 1.720000E+000    4.899094E+003   
 1.730000E+000    2.206949E+003   
 1.740000E+000   -1.947562E+002   
 1.750000E+000   -2.355087E+003   
 1.760000E+000   -4.351373E+003   
 1.770000E+000   -6.276641E+003   
 1.780000E+000   -8.223961E+003   
 1.790000E+000   -1.026966E+004   
 1.800000E+000   -1.245779E+004   
 1.810000E+000   -1.478833E+004   
 1.820000E+000   -1.721137E+004   
 1.830000E+000   -1.962863E+004   
 1.840000E+000   -2.190271E+004   
 1.850000E+000   -2.387316E+004   
 1.860000E+000   -2.537717E+004   
 1.870000E+000   -2.627200E+004   
 1.880000E+000   -2.645560E+004   
 1.890000E+000   -2.588223E+004   
 1.900000E+000   -2.457056E+004   
 1.910000E+000   -2.260308E+004   
 1.920000E+000   -2.011694E+004   
 1.930000E+000   -1.728784E+004   
 1.940000E+000   -1.430947E+004   
 1.950000E+000   -1.137169E+004   
 1.960000E+000   -8.640385E+003   
 1.970000E+000   -6.241825E+003   
 1.980000E+000   -4.253049E+003   
 1.990000E+000   -2.699229E+003   
 2.000000E+000   -1.557638E+003   
 2.010000E+000   -7.670722E+002   
 2.020000E+000   -2.409848E+002   
 2.030000E+000    1.177384E+002   
 2.040000E+000    4.023213E+002   
 2.050000E+000    6.896836E+002   
 2.060000E+000    1.031373E+003   
 2.070000E+000    1.448663E+003   
 2.080000E+000    1.932095E+003   
 2.090000E+000    2.445175E+003   
 2.100000E+000    2.931446E+003   
 2.110000E+000    3.323811E+003   
 2.120000E+000    3.554866E+003   
 2.130000E+000    3.567028E+003   
 2.140000E+000    3.321427E+003   
 2.150000E+000    2.804707E+003   
 2.160000E+000    2.033091E+003   
 2.170000E+000    1.053326E+003   
 2.180000E+000   -5.960497E+001   
 2.190000E+000   -1.207771E+003   
 2.200000E+000   -2.277998E+003   
 2.210000E+000   -3.151161E+003   
 2.220000E+000   -3.712087E+003   
 2.230000E+000   -3.859032E+003   
 2.240000E+000   -3.511863E+003   
 2.250000E+000   -2.618232E+003   
 2.260000E+000   -1.157278E+003   
 2.270000E+000    8.593601E+002   
 2.280000E+000    3.389298E+003   
 2.290000E+000    6.363800E+003   
 2.300000E+000    9.694593E+003   
 2.310000E+000    1.328266E+004   
 2.320000E+000    1.702848E+004   
 2.330000E+000    2.084281E+004   
 2.340000E+000    2.465723E+004   
 2.350000E+000    2.843311E+004   
 2.360000E+000    3.216798E+004   
 2.370000E+000    3.589826E+004   
 2.380000E+000    3.969730E+004   
 2.390000E+000    4.366869E+004   
 2.400000E+000    4.793492E+004   
 2.410000E+000    5.262229E+004   
 2.420000E+000    5.784380E+004   
 2.430000E+000    6.368186E+004   
 2.440000E+000    7.017325E+004   
 2.450000E+000    7.729831E+004   
 2.460000E+000    8.497621E+004   
 2.470000E+000    9.306702E+004   
 2.480000E+000    1.013806E+005   
 2.490000E+000    1.096916E+005   
 2.500000E+000    1.177583E+005   
