

 0.000000E+000    5.561526E+000   
 1.000000E-002    4.605837E+000   
 2.000000E-002    3.653427E+000   
 3.000000E-002    2.692951E+000   
 4.000000E-002    1.714133E+000   
 5.000000E-002    7.087448E-001   
 6.000000E-002   -3.286474E-001   
 7.000000E-002   -1.400213E+000   
 8.000000E-002   -2.504690E+000   
 9.000000E-002   -3.637505E+000   
 1.000000E-001   -4.791168E+000   
 1.100000E-001   -5.955858E+000   
 1.200000E-001   -7.120151E+000   
 1.300000E-001   -8.271798E+000   
 1.400000E-001   -9.398470E+000   
 1.500000E-001   -1.048841E+001   
 1.600000E-001   -1.153096E+001   
 1.700000E-001   -1.251685E+001   
 1.800000E-001   -1.343846E+001   
 1.900000E-001   -1.428975E+001   
 2.000000E-001   -1.506626E+001   
 2.100000E-001   -1.576495E+001   
 2.200000E-001   -1.638406E+001   
 2.300000E-001   -1.692299E+001   
 2.400000E-001   -1.738230E+001   
 2.500000E-001   -1.776366E+001   
 2.600000E-001   -1.806996E+001   
 2.700000E-001   -1.830537E+001   
 2.800000E-001   -1.847544E+001   
 2.900000E-001   -1.858711E+001   
 3.000000E-001   -1.864868E+001   
 3.100000E-001   -1.866963E+001   
 3.200000E-001   -1.866037E+001   
 3.300000E-001   -1.863187E+001   
 3.400000E-001   -1.859520E+001   
 3.500000E-001   -1.856101E+001   
 3.600000E-001   -1.853901E+001   
 3.700000E-001   -1.853749E+001   
 3.800000E-001   -1.856283E+001   
 3.900000E-001   -1.861926E+001   
 4.000000E-001   -1.870855E+001   
 4.100000E-001   -1.882996E+001   
 4.200000E-001   -1.898022E+001   
 4.300000E-001   -1.915367E+001   
 4.400000E-001   -1.934239E+001   
 4.500000E-001   -1.953645E+001   
 4.600000E-001   -1.972423E+001   
 4.700000E-001   -1.989268E+001   
 4.800000E-001   -2.002779E+001   
 4.900000E-001   -2.011499E+001   
 5.000000E-001   -2.013965E+001   
 5.100000E-001   -2.008775E+001   
 5.200000E-001   -1.994646E+001   
 5.300000E-001   -1.970495E+001   
 5.400000E-001   -1.935506E+001   
 5.500000E-001   -1.889203E+001   
 5.600000E-001   -1.831509E+001   
 5.700000E-001   -1.762787E+001   
 5.800000E-001   -1.683853E+001   
 5.900000E-001   -1.595966E+001   
 6.000000E-001   -1.500770E+001   
 6.100000E-001   -1.400224E+001   
 6.200000E-001   -1.296479E+001   
 6.300000E-001   -1.191755E+001   
 6.400000E-001   -1.088193E+001   
 6.500000E-001   -9.877188E+000   
 6.600000E-001   -8.919125E+000   
 6.700000E-001   -8.019164E+000   
 6.800000E-001   -7.183706E+000   
 6.900000E-001   -6.413963E+000   
 7.000000E-001   -5.706222E+000   
 7.100000E-001   -5.052540E+000   
 7.200000E-001   -4.441799E+000   
 7.300000E-001   -3.861004E+000   
 7.400000E-001   -3.296678E+000   
 7.500000E-001   -2.736197E+000   
 7.600000E-001   -2.168904E+000   
 7.700000E-001   -1.586882E+000   
 7.800000E-001   -9.853112E-001   
 7.900000E-001   -3.624308E-001   
 8.000000E-001    2.808479E-001   
 8.100000E-001    9.415480E-001   
 8.200000E-001    1.615329E+000   
 8.300000E-001    2.297158E+000   
 8.400000E-001    2.981865E+000   
 8.500000E-001    3.664530E+000   
 8.600000E-001    4.340699E+000   
 8.700000E-001    5.006461E+000   
 8.800000E-001    5.658429E+000   
 8.900000E-001    6.293676E+000   
 9.000000E-001    6.909673E+000   
 9.100000E-001    7.504258E+000   
 9.200000E-001    8.075646E+000   
 9.300000E-001    8.622482E+000   
 9.400000E-001    9.143928E+000   
 9.500000E-001    9.639757E+000   
 9.600000E-001    1.011045E+001   
 9.700000E-001    1.055723E+001   
 9.800000E-001    1.098215E+001   
 9.900000E-001    1.138794E+001   
 1.000000E+000    1.177796E+001   
 1.010000E+000    1.215600E+001   
 1.020000E+000    1.252592E+001   
 1.030000E+000    1.289139E+001   
 1.040000E+000    1.325542E+001   
 1.050000E+000    1.361998E+001   
 1.060000E+000    1.398556E+001   
 1.070000E+000    1.435081E+001   
 1.080000E+000    1.471232E+001   
 1.090000E+000    1.506441E+001   
 1.100000E+000    1.539912E+001   
 1.110000E+000    1.570640E+001   
 1.120000E+000    1.597433E+001   
 1.130000E+000    1.618955E+001   
 1.140000E+000    1.633784E+001   
 1.150000E+000    1.640476E+001   
 1.160000E+000    1.637636E+001   
 1.170000E+000    1.624001E+001   
 1.180000E+000    1.598516E+001   
 1.190000E+000    1.560406E+001   
 1.200000E+000    1.509244E+001   
 1.210000E+000    1.444990E+001   
 1.220000E+000    1.368015E+001   
 1.230000E+000    1.279096E+001   
 1.240000E+000    1.179383E+001   
 1.250000E+000    1.070342E+001   
 1.260000E+000    9.536688E+000   
 1.270000E+000    8.311963E+000   
 1.280000E+000    7.047885E+000   
 1.290000E+000    5.762395E+000   
 1.300000E+000    4.471835E+000   
 1.310000E+000    3.190241E+000   
 1.320000E+000    1.928871E+000   
 1.330000E+000    6.959975E-001   
 1.340000E+000   -5.030363E-001   
 1.350000E+000   -1.665534E+000   
 1.360000E+000   -2.790974E+000   
 1.370000E+000   -3.880418E+000   
 1.380000E+000   -4.935849E+000   
 1.390000E+000   -5.959520E+000   
 1.400000E+000   -6.953364E+000   
 1.410000E+000   -7.918517E+000   
 1.420000E+000   -8.854994E+000   
 1.430000E+000   -9.761524E+000   
 1.440000E+000   -1.063557E+001   
 1.450000E+000   -1.147348E+001   
 1.460000E+000   -1.227083E+001   
 1.470000E+000   -1.302278E+001   
 1.480000E+000   -1.372456E+001   
 1.490000E+000   -1.437192E+001   
 1.500000E+000   -1.496161E+001   
 1.510000E+000   -1.549169E+001   
 1.520000E+000   -1.596184E+001   
 1.530000E+000   -1.637349E+001   
 1.540000E+000   -1.672980E+001   
 1.550000E+000   -1.703553E+001   
 1.560000E+000   -1.729677E+001   
 1.570000E+000   -1.752061E+001   
 1.580000E+000   -1.771469E+001   
 1.590000E+000   -1.788679E+001   
 1.600000E+000   -1.804439E+001   
 1.610000E+000   -1.819430E+001   
 1.620000E+000   -1.834235E+001   
 1.630000E+000   -1.849313E+001   
 1.640000E+000   -1.864986E+001   
 1.650000E+000   -1.881434E+001   
 1.660000E+000   -1.898693E+001   
 1.670000E+000   -1.916662E+001   
 1.680000E+000   -1.935113E+001   
 1.690000E+000   -1.953702E+001   
 1.700000E+000   -1.971977E+001   
 1.710000E+000   -1.989392E+001   
 1.720000E+000   -2.005314E+001   
 1.730000E+000   -2.019034E+001   
 1.740000E+000   -2.029781E+001   
 1.750000E+000   -2.036740E+001   
 1.760000E+000   -2.039075E+001   
 1.770000E+000   -2.035961E+001   
 1.780000E+000   -2.026619E+001   
 1.790000E+000   -2.010354E+001   
 1.800000E+000   -1.986599E+001   
 1.810000E+000   -1.954943E+001   
 1.820000E+000   -1.915164E+001   
 1.830000E+000   -1.867235E+001   
 1.840000E+000   -1.811325E+001   
 1.850000E+000   -1.747776E+001   
 1.860000E+000   -1.677069E+001   
 1.870000E+000   -1.599786E+001   
 1.880000E+000   -1.516560E+001   
 1.890000E+000   -1.428042E+001   
 1.900000E+000   -1.334869E+001   
 1.910000E+000   -1.237655E+001   
 1.920000E+000   -1.136991E+001   
 1.930000E+000   -1.033462E+001   
 1.940000E+000   -9.276727E+000   
 1.950000E+000   -8.202761E+000   
 1.960000E+000   -7.119916E+000   
 1.970000E+000   -6.036182E+000   
 1.980000E+000   -4.960298E+000   
 1.990000E+000   -3.901548E+000   
 2.000000E+000   -2.869411E+000   
 2.010000E+000   -1.873090E+000   
 2.020000E+000   -9.209874E-001   
 2.030000E+000   -2.019233E-002   
 2.040000E+000    8.239624E-001   
 2.050000E+000    1.608215E+000   
 2.060000E+000    2.331531E+000   
 2.070000E+000    2.995082E+000   
 2.080000E+000    3.602068E+000   
 2.090000E+000    4.157406E+000   
 2.100000E+000    4.667320E+000   
 2.110000E+000    5.138890E+000   
 2.120000E+000    5.579576E+000   
 2.130000E+000    5.996770E+000   
 2.140000E+000    6.397385E+000   
 2.150000E+000    6.787518E+000   
 2.160000E+000    7.172182E+000   
 2.170000E+000    7.555130E+000   
 2.180000E+000    7.938774E+000   
 2.190000E+000    8.324195E+000   
 2.200000E+000    8.711241E+000   
 2.210000E+000    9.098713E+000   
 2.220000E+000    9.484616E+000   
 2.230000E+000    9.866479E+000   
 2.240000E+000    1.024170E+001   
 2.250000E+000    1.060789E+001   
 2.260000E+000    1.096324E+001   
 2.270000E+000    1.130675E+001   
 2.280000E+000    1.163840E+001   
 2.290000E+000    1.195917E+001   
 2.300000E+000    1.227091E+001   
 2.310000E+000    1.257600E+001   
 2.320000E+000    1.287693E+001   
 2.330000E+000    1.317580E+001   
 2.340000E+000    1.347373E+001   
 2.350000E+000    1.377043E+001   
 2.360000E+000    1.406383E+001   
 2.370000E+000    1.435005E+001   
 2.380000E+000    1.462345E+001   
 2.390000E+000    1.487714E+001   
 2.400000E+000    1.510349E+001   
 2.410000E+000    1.529497E+001   
 2.420000E+000    1.544498E+001   
 2.430000E+000    1.554857E+001   
 2.440000E+000    1.560311E+001   
 2.450000E+000    1.560871E+001   
 2.460000E+000    1.556829E+001   
 2.470000E+000    1.548747E+001   
 2.480000E+000    1.537410E+001   
 2.490000E+000    1.523758E+001   
 2.500000E+000    1.508806E+001   
