
 0.000000E+000    7.256323E+004   
 1.000000E-002    7.169814E+004   
 2.000000E-002    7.062831E+004   
 3.000000E-002    6.929349E+004   
 4.000000E-002    6.767084E+004   
 5.000000E-002    6.578064E+004   
 6.000000E-002    6.368680E+004   
 7.000000E-002    6.149198E+004   
 8.000000E-002    5.932778E+004   
 9.000000E-002    5.734109E+004   
 1.000000E-001    5.567807E+004   
 1.100000E-001    5.446773E+004   
 1.200000E-001    5.380712E+004   
 1.300000E-001    5.374983E+004   
 1.400000E-001    5.429930E+004   
 1.500000E-001    5.540794E+004   
 1.600000E-001    5.698194E+004   
 1.700000E-001    5.889171E+004   
 1.800000E-001    6.098646E+004   
 1.900000E-001    6.311150E+004   
 2.000000E-001    6.512612E+004   
 2.100000E-001    6.691978E+004   
 2.200000E-001    6.842470E+004   
 2.300000E-001    6.962324E+004   
 2.400000E-001    7.054913E+004   
 2.500000E-001    7.128260E+004   
 2.600000E-001    7.194010E+004   
 2.700000E-001    7.265990E+004   
 2.800000E-001    7.358525E+004   
 2.900000E-001    7.484669E+004   
 3.000000E-001    7.654539E+004   
 3.100000E-001    7.873867E+004   
 3.200000E-001    8.142925E+004   
 3.300000E-001    8.455892E+004   
 3.400000E-001    8.800741E+004   
 3.500000E-001    9.159660E+004   
 3.600000E-001    9.510009E+004   
 3.700000E-001    9.825737E+004   
 3.800000E-001    1.007917E+005   
 3.900000E-001    1.024305E+005   
 4.000000E-001    1.029263E+005   
 4.100000E-001    1.020769E+005   
 4.200000E-001    9.974300E+004   
 4.300000E-001    9.586214E+004   
 4.400000E-001    9.045689E+004   
 4.500000E-001    8.363738E+004   
 4.600000E-001    7.559703E+004   
 4.700000E-001    6.660168E+004   
 4.800000E-001    5.697269E+004   
 4.900000E-001    4.706526E+004   
 5.000000E-001    3.724382E+004   
 5.100000E-001    2.785668E+004   
 5.200000E-001    1.921251E+004   
 5.300000E-001    1.156080E+004   
 5.400000E-001    5.078111E+003   
 5.500000E-001   -1.388668E+002   
 5.600000E-001   -4.073243E+003   
 5.700000E-001   -6.781434E+003   
 5.800000E-001   -8.381402E+003   
 5.900000E-001   -9.037211E+003   
 6.000000E-001   -8.941650E+003   
 6.100000E-001   -8.298649E+003   
 6.200000E-001   -7.307014E+003   
 6.300000E-001   -6.146726E+003   
 6.400000E-001   -4.968658E+003   
 6.500000E-001   -3.888168E+003   
 6.600000E-001   -2.982643E+003   
 6.700000E-001   -2.292678E+003   
 6.800000E-001   -1.826305E+003   
 6.900000E-001   -1.565460E+003   
 7.000000E-001   -1.473747E+003   
 7.100000E-001   -1.504589E+003   
 7.200000E-001   -1.608878E+003   
 7.300000E-001   -1.741442E+003   
 7.400000E-001   -1.865821E+003   
 7.500000E-001   -1.957104E+003   
 7.600000E-001   -2.002835E+003   
 7.700000E-001   -2.002212E+003   
 7.800000E-001   -1.963979E+003   
 7.900000E-001   -1.903485E+003   
 8.000000E-001   -1.839399E+003   
 8.100000E-001   -1.790491E+003   
 8.200000E-001   -1.772779E+003   
 8.300000E-001   -1.797259E+003   
 8.400000E-001   -1.868340E+003   
 8.500000E-001   -1.983039E+003   
 8.600000E-001   -2.130980E+003   
 8.700000E-001   -2.295199E+003   
 8.800000E-001   -2.453721E+003   
 8.900000E-001   -2.581830E+003   
 9.000000E-001   -2.654860E+003   
 9.100000E-001   -2.651269E+003   
 9.200000E-001   -2.555667E+003   
 9.300000E-001   -2.361443E+003   
 9.400000E-001   -2.072592E+003   
 9.500000E-001   -1.704442E+003   
 9.600000E-001   -1.283057E+003   
 9.700000E-001   -8.432585E+002   
 9.800000E-001   -4.253347E+002   
 9.900000E-001   -7.069832E+001   
 1.000000E+000    1.831545E+002   
 1.010000E+000    3.079213E+002   
 1.020000E+000    2.895022E+002   
 1.030000E+000    1.322242E+002   
 1.040000E+000   -1.382023E+002   
 1.050000E+000   -4.734181E+002   
 1.060000E+000   -8.031553E+002   
 1.070000E+000   -1.038162E+003   
 1.080000E+000   -1.075303E+003   
 1.090000E+000   -8.046306E+002   
 1.100000E+000   -1.179756E+002   
 1.110000E+000    1.081586E+003   
 1.120000E+000    2.870211E+003   
 1.130000E+000    5.294623E+003   
 1.140000E+000    8.365218E+003   
 1.150000E+000    1.205173E+004   
 1.160000E+000    1.628208E+004   
 1.170000E+000    2.094477E+004   
 1.180000E+000    2.589487E+004   
 1.190000E+000    3.096343E+004   
 1.200000E+000    3.596965E+004   
 1.210000E+000    4.073489E+004   
 1.220000E+000    4.509732E+004   
 1.230000E+000    4.892551E+004   
 1.240000E+000    5.212949E+004   
 1.250000E+000    5.466781E+004   
 1.260000E+000    5.654968E+004   
 1.270000E+000    5.783187E+004   
 1.280000E+000    5.861097E+004   
 1.290000E+000    5.901198E+004   
 1.300000E+000    5.917484E+004   
 1.310000E+000    5.924046E+004   
 1.320000E+000    5.933779E+004   
 1.330000E+000    5.957304E+004   
 1.340000E+000    6.002207E+004   
 1.350000E+000    6.072628E+004   
 1.360000E+000    6.169224E+004   
 1.370000E+000    6.289486E+004   
 1.380000E+000    6.428351E+004   
 1.390000E+000    6.579032E+004   
 1.400000E+000    6.733963E+004   
 1.410000E+000    6.885743E+004   
 1.420000E+000    7.027984E+004   
 1.430000E+000    7.155946E+004   
 1.440000E+000    7.266940E+004   
 1.450000E+000    7.360430E+004   
 1.460000E+000    7.437891E+004   
 1.470000E+000    7.502454E+004   
 1.480000E+000    7.558413E+004   
 1.490000E+000    7.610704E+004   
 1.500000E+000    7.664436E+004   
 1.510000E+000    7.724549E+004   
 1.520000E+000    7.795626E+004   
 1.530000E+000    7.881857E+004   
 1.540000E+000    7.987101E+004   
 1.550000E+000    8.114952E+004   
 1.560000E+000    8.268718E+004   
 1.570000E+000    8.451227E+004   
 1.580000E+000    8.664386E+004   
 1.590000E+000    8.908516E+004   
 1.600000E+000    9.181497E+004   
 1.610000E+000    9.477863E+004   
 1.620000E+000    9.787995E+004   
 1.630000E+000    1.009761E+005   
 1.640000E+000    1.038772E+005   
 1.650000E+000    1.063521E+005   
 1.660000E+000    1.081409E+005   
 1.670000E+000    1.089737E+005   
 1.680000E+000    1.085949E+005   
 1.690000E+000    1.067892E+005   
 1.700000E+000    1.034069E+005   
 1.710000E+000    9.838565E+004   
 1.720000E+000    9.176347E+004   
 1.730000E+000    8.368342E+004   
 1.740000E+000    7.438718E+004   
 1.750000E+000    6.419898E+004   
 1.760000E+000    5.350143E+004   
 1.770000E+000    4.270605E+004   
 1.780000E+000    3.222181E+004   
 1.790000E+000    2.242490E+004   
 1.800000E+000    1.363292E+004   
 1.810000E+000    6.085494E+003   
 1.820000E+000   -6.699367E+001   
 1.830000E+000   -4.766449E+003   
 1.840000E+000   -8.042241E+003   
 1.850000E+000   -9.999881E+003   
 1.860000E+000   -1.080497E+004   
 1.870000E+000   -1.066444E+004   
 1.880000E+000   -9.807000E+003   
 1.890000E+000   -8.464599E+003   
 1.900000E+000   -6.856249E+003   
 1.910000E+000   -5.175120E+003   
 1.920000E+000   -3.579471E+003   
 1.930000E+000   -2.187535E+003   
 1.940000E+000   -1.076143E+003   
 1.950000E+000   -2.826469E+002   
 1.960000E+000    1.905359E+002   
 1.970000E+000    3.694856E+002   
 1.980000E+000    3.012508E+002   
 1.990000E+000    4.595123E+001   
 2.000000E+000   -3.308390E+002   
 2.010000E+000   -7.649009E+002   
 2.020000E+000   -1.198970E+003   
 2.030000E+000   -1.586864E+003   
 2.040000E+000   -1.896003E+003   
 2.050000E+000   -2.108333E+003   
 2.060000E+000   -2.219785E+003   
 2.070000E+000   -2.238495E+003   
 2.080000E+000   -2.182103E+003   
 2.090000E+000   -2.074480E+003   
 2.100000E+000   -1.942240E+003   
 2.110000E+000   -1.811380E+003   
 2.120000E+000   -1.704313E+003   
 2.130000E+000   -1.637528E+003   
 2.140000E+000   -1.620011E+003   
 2.150000E+000   -1.652518E+003   
 2.160000E+000   -1.727726E+003   
 2.170000E+000   -1.831246E+003   
 2.180000E+000   -1.943389E+003   
 2.190000E+000   -2.041557E+003   
 2.200000E+000   -2.103033E+003   
 2.210000E+000   -2.107912E+003   
 2.220000E+000   -2.041885E+003   
 2.230000E+000   -1.898573E+003   
 2.240000E+000   -1.681117E+003   
 2.250000E+000   -1.402788E+003   
 2.260000E+000   -1.086445E+003   
 2.270000E+000   -7.627513E+002   
 2.280000E+000   -4.672016E+002   
 2.290000E+000   -2.360945E+002   
 2.300000E+000   -1.017589E+002   
 2.310000E+000   -8.742633E+001   
 2.320000E+000   -2.022472E+002   
 2.330000E+000   -4.369986E+002   
 2.340000E+000   -7.610331E+002   
 2.350000E+000   -1.120965E+003   
 2.360000E+000   -1.441479E+003   
 2.370000E+000   -1.628477E+003   
 2.380000E+000   -1.574574E+003   
 2.390000E+000   -1.166697E+003   
 2.400000E+000   -2.953092E+002   
 2.410000E+000    1.135483E+003   
 2.420000E+000    3.197845E+003   
 2.430000E+000    5.931194E+003   
 2.440000E+000    9.335290E+003   
 2.450000E+000    1.336634E+004   
 2.460000E+000    1.793686E+004   
 2.470000E+000    2.291953E+004   
 2.480000E+000    2.815520E+004   
 2.490000E+000    3.346425E+004   
 2.500000E+000    3.866067E+004   
