

 0.000000E+000    3.222279E+001   
 1.000000E-002    3.487480E+001   
 2.000000E-002    3.748179E+001   
 3.000000E-002    3.998950E+001   
 4.000000E-002    4.234823E+001   
 5.000000E-002    4.451474E+001   
 6.000000E-002    4.645371E+001   
 7.000000E-002    4.813854E+001   
 8.000000E-002    4.955152E+001   
 9.000000E-002    5.068347E+001   
 1.000000E-001    5.153288E+001   
 1.100000E-001    5.210473E+001   
 1.200000E-001    5.240903E+001   
 1.300000E-001    5.245931E+001   
 1.400000E-001    5.227110E+001   
 1.500000E-001    5.186050E+001   
 1.600000E-001    5.124296E+001   
 1.700000E-001    5.043225E+001   
 1.800000E-001    4.943971E+001   
 1.900000E-001    4.827382E+001   
 2.000000E-001    4.694000E+001   
 2.100000E-001    4.544082E+001   
 2.200000E-001    4.377645E+001   
 2.300000E-001    4.194542E+001   
 2.400000E-001    3.994565E+001   
 2.500000E-001    3.777563E+001   
 2.600000E-001    3.543584E+001   
 2.700000E-001    3.293004E+001   
 2.800000E-001    3.026662E+001   
 2.900000E-001    2.745970E+001   
 3.000000E-001    2.452996E+001   
 3.100000E-001    2.150507E+001   
 3.200000E-001    1.841970E+001   
 3.300000E-001    1.531495E+001   
 3.400000E-001    1.223740E+001   
 3.500000E-001    9.237544E+000   
 3.600000E-001    6.367915E+000   
 3.700000E-001    3.680863E+000   
 3.800000E-001    1.226185E+000   
 3.900000E-001   -9.512576E-001   
 4.000000E-001   -2.813789E+000   
 4.100000E-001   -4.332862E+000   
 4.200000E-001   -5.490592E+000   
 4.300000E-001   -6.280746E+000   
 4.400000E-001   -6.709153E+000   
 4.500000E-001   -6.793480E+000   
 4.600000E-001   -6.562405E+000   
 4.700000E-001   -6.054217E+000   
 4.800000E-001   -5.314963E+000   
 4.900000E-001   -4.396219E+000   
 5.000000E-001   -3.352652E+000   
 5.100000E-001   -2.239496E+000   
 5.200000E-001   -1.110082E+000   
 5.300000E-001   -1.354741E-002   
 5.400000E-001    1.007165E+000   
 5.500000E-001    1.916919E+000   
 5.600000E-001    2.689536E+000   
 5.700000E-001    3.308426E+000   
 5.800000E-001    3.766655E+000   
 5.900000E-001    4.066469E+000   
 6.000000E-001    4.218277E+000   
 6.100000E-001    4.239179E+000   
 6.200000E-001    4.151130E+000   
 6.300000E-001    3.978889E+000   
 6.400000E-001    3.747900E+000   
 6.500000E-001    3.482294E+000   
 6.600000E-001    3.203164E+000   
 6.700000E-001    2.927257E+000   
 6.800000E-001    2.666188E+000   
 6.900000E-001    2.426206E+000   
 7.000000E-001    2.208514E+000   
 7.100000E-001    2.010084E+000   
 7.200000E-001    1.824838E+000   
 7.300000E-001    1.645059E+000   
 7.400000E-001    1.462841E+000   
 7.500000E-001    1.271403E+000   
 7.600000E-001    1.066105E+000   
 7.700000E-001    8.450448E-001   
 7.800000E-001    6.092030E-001   
 7.900000E-001    3.621552E-001   
 8.000000E-001    1.094456E-001   
 8.100000E-001   -1.422415E-001   
 8.200000E-001   -3.859609E-001   
 8.300000E-001   -6.152999E-001   
 8.400000E-001   -8.249804E-001   
 8.500000E-001   -1.011218E+000   
 8.600000E-001   -1.171824E+000   
 8.700000E-001   -1.306092E+000   
 8.800000E-001   -1.414511E+000   
 8.900000E-001   -1.498392E+000   
 9.000000E-001   -1.559461E+000   
 9.100000E-001   -1.599484E+000   
 9.200000E-001   -1.619959E+000   
 9.300000E-001   -1.621912E+000   
 9.400000E-001   -1.605800E+000   
 9.500000E-001   -1.571518E+000   
 9.600000E-001   -1.518512E+000   
 9.700000E-001   -1.445950E+000   
 9.800000E-001   -1.352934E+000   
 9.900000E-001   -1.238693E+000   
 1.000000E+000   -1.102731E+000   
 1.010000E+000   -9.448680E-001   
 1.020000E+000   -7.651530E-001   
 1.030000E+000   -5.636246E-001   
 1.040000E+000   -3.399242E-001   
 1.050000E+000   -9.279022E-002   
 1.060000E+000    1.805151E-001   
 1.070000E+000    4.847742E-001   
 1.080000E+000    8.273005E-001   
 1.090000E+000    1.218264E+000   
 1.100000E+000    1.670797E+000   
 1.110000E+000    2.200821E+000   
 1.120000E+000    2.826601E+000   
 1.130000E+000    3.568000E+000   
 1.140000E+000    4.445493E+000   
 1.150000E+000    5.478988E+000   
 1.160000E+000    6.686514E+000   
 1.170000E+000    8.082894E+000   
 1.180000E+000    9.678472E+000   
 1.190000E+000    1.147800E+001   
 1.200000E+000    1.347977E+001   
 1.210000E+000    1.567503E+001   
 1.220000E+000    1.804782E+001   
 1.230000E+000    2.057506E+001   
 1.240000E+000    2.322715E+001   
 1.250000E+000    2.596880E+001   
 1.260000E+000    2.876026E+001   
 1.270000E+000    3.155867E+001   
 1.280000E+000    3.431973E+001   
 1.290000E+000    3.699926E+001   
 1.300000E+000    3.955485E+001   
 1.310000E+000    4.194731E+001   
 1.320000E+000    4.414199E+001   
 1.330000E+000    4.610970E+001   
 1.340000E+000    4.782744E+001   
 1.350000E+000    4.927867E+001   
 1.360000E+000    5.045333E+001   
 1.370000E+000    5.134739E+001   
 1.380000E+000    5.196222E+001   
 1.390000E+000    5.230365E+001   
 1.400000E+000    5.238087E+001   
 1.410000E+000    5.220526E+001   
 1.420000E+000    5.178923E+001   
 1.430000E+000    5.114513E+001   
 1.440000E+000    5.028444E+001   
 1.450000E+000    4.921709E+001   
 1.460000E+000    4.795120E+001   
 1.470000E+000    4.649301E+001   
 1.480000E+000    4.484729E+001   
 1.490000E+000    4.301784E+001   
 1.500000E+000    4.100836E+001   
 1.510000E+000    3.882344E+001   
 1.520000E+000    3.646960E+001   
 1.530000E+000    3.395631E+001   
 1.540000E+000    3.129693E+001   
 1.550000E+000    2.850949E+001   
 1.560000E+000    2.561709E+001   
 1.570000E+000    2.264810E+001   
 1.580000E+000    1.963593E+001   
 1.590000E+000    1.661843E+001   
 1.600000E+000    1.363690E+001   
 1.610000E+000    1.073479E+001   
 1.620000E+000    7.956165E+000   
 1.630000E+000    5.343924E+000   
 1.640000E+000    2.938070E+000   
 1.650000E+000    7.739879E-001   
 1.660000E+000   -1.119083E+000   
 1.670000E+000   -2.719304E+000   
 1.680000E+000   -4.013144E+000   
 1.690000E+000   -4.995881E+000   
 1.700000E+000   -5.671675E+000   
 1.710000E+000   -6.053203E+000   
 1.720000E+000   -6.160886E+000   
 1.730000E+000   -6.021763E+000   
 1.740000E+000   -5.668083E+000   
 1.750000E+000   -5.135733E+000   
 1.760000E+000   -4.462599E+000   
 1.770000E+000   -3.686984E+000   
 1.780000E+000   -2.846163E+000   
 1.790000E+000   -1.975166E+000   
 1.800000E+000   -1.105809E+000   
 1.810000E+000   -2.660065E-001   
 1.820000E+000    5.206437E-001   
 1.830000E+000    1.235034E+000   
 1.840000E+000    1.862504E+000   
 1.850000E+000    2.392635E+000   
 1.860000E+000    2.818925E+000   
 1.870000E+000    3.138385E+000   
 1.880000E+000    3.351119E+000   
 1.890000E+000    3.459905E+000   
 1.900000E+000    3.469814E+000   
 1.910000E+000    3.387885E+000   
 1.920000E+000    3.222863E+000   
 1.930000E+000    2.984967E+000   
 1.940000E+000    2.685686E+000   
 1.950000E+000    2.337553E+000   
 1.960000E+000    1.953863E+000   
 1.970000E+000    1.548315E+000   
 1.980000E+000    1.134554E+000   
 1.990000E+000    7.256428E-001   
 2.000000E+000    3.334900E-001   
 2.010000E+000   -3.171249E-002   
 2.020000E+000   -3.619680E-001   
 2.030000E+000   -6.518131E-001   
 2.040000E+000   -8.984637E-001   
 2.050000E+000   -1.101749E+000   
 2.060000E+000   -1.263837E+000   
 2.070000E+000   -1.388788E+000   
 2.080000E+000   -1.482001E+000   
 2.090000E+000   -1.549607E+000   
 2.100000E+000   -1.597903E+000   
 2.110000E+000   -1.632861E+000   
 2.120000E+000   -1.659765E+000   
 2.130000E+000   -1.682972E+000   
 2.140000E+000   -1.705807E+000   
 2.150000E+000   -1.730543E+000   
 2.160000E+000   -1.758471E+000   
 2.170000E+000   -1.789998E+000   
 2.180000E+000   -1.824783E+000   
 2.190000E+000   -1.861874E+000   
 2.200000E+000   -1.899853E+000   
 2.210000E+000   -1.936984E+000   
 2.220000E+000   -1.971345E+000   
 2.230000E+000   -2.000970E+000   
 2.240000E+000   -2.023957E+000   
 2.250000E+000   -2.038568E+000   
 2.260000E+000   -2.043272E+000   
 2.270000E+000   -2.036736E+000   
 2.280000E+000   -2.017736E+000   
 2.290000E+000   -1.984965E+000   
 2.300000E+000   -1.936748E+000   
 2.310000E+000   -1.870667E+000   
 2.320000E+000   -1.783130E+000   
 2.330000E+000   -1.668942E+000   
 2.340000E+000   -1.520949E+000   
 2.350000E+000   -1.329841E+000   
 2.360000E+000   -1.084206E+000   
 2.370000E+000   -7.708845E-001   
 2.380000E+000   -3.756867E-001   
 2.390000E+000    1.155654E-001   
 2.400000E+000    7.157047E-001   
 2.410000E+000    1.434712E+000   
 2.420000E+000    2.278177E+000   
 2.430000E+000    3.245899E+000   
 2.440000E+000    4.330813E+000   
 2.450000E+000    5.518411E+000   
 2.460000E+000    6.786792E+000   
 2.470000E+000    8.107434E+000   
 2.480000E+000    9.446676E+000   
 2.490000E+000    1.076786E+001   
 2.500000E+000    1.203392E+001   
