1.550000E+000   -1.106006E+001   
 1.560000E+000   -1.162772E+001   
 1.570000E+000   -1.207667E+001   
 1.580000E+000   -1.241747E+001   
 1.590000E+000   -1.266411E+001   
 1.600000E+000   -1.283367E+001   
 1.610000E+000   -1.294562E+001   
 1.620000E+000   -1.302103E+001   
 1.630000E+000   -1.308142E+001   
 1.640000E+000   -1.314756E+001   
 1.650000E+000   -1.323819E+001   
 1.660000E+000   -1.336870E+001   
 1.670000E+000   -1.355004E+001   
 1.680000E+000   -1.378781E+001   
 1.690000E+000   -1.408165E+001   
 1.700000E+000   -1.442507E+001   
 1.710000E+000   -1.480566E+001   
 1.720000E+000   -1.520575E+001   
 1.730000E+000   -1.560342E+001   
 1.740000E+000   -1.597393E+001   
 1.750000E+000   -1.629118E+001   
 1.760000E+000   -1.652947E+001   
 1.770000E+000   -1.666504E+001   
 1.780000E+000   -1.667754E+001   
 1.790000E+000   -1.655122E+001   
 1.800000E+000   -1.627575E+001   
 1.810000E+000   -1.584661E+001   
 1.820000E+000   -1.526509E+001   
 1.830000E+000   -1.453788E+001   
 1.840000E+000   -1.367631E+001   
 1.850000E+000   -1.269536E+001   
 1.860000E+000   -1.161257E+001   
 1.870000E+000   -1.044680E+001   
 1.880000E+000   -9.217173E+000   
 1.890000E+000   -7.942098E+000   
 1.900000E+000   -6.638491E+000   
 1.910000E+000   -5.321242E+000   
 1.920000E+000   -4.002906E+000   
 1.930000E+000   -2.693638E+000   
 1.940000E+000   -1.401319E+000   
 1.950000E+000   -1.318356E-001   
 1.960000E+000    1.110528E+000
 0.000000E+000   -1.540377E-001   
 1.000000E-002    1.160924E+000   
 2.000000E-002    2.456142E+000   
 3.000000E-002    3.728914E+000   
 4.000000E-002    4.977463E+000   
 5.000000E-002    6.200682E+000   
 6.000000E-002    7.397920E+000   
 7.000000E-002    8.568824E+000   
 8.000000E-002    9.713221E+000   
 9.000000E-002    1.083103E+001   
 1.000000E-001    1.192216E+001   
 1.100000E-001    1.298647E+001   
 1.200000E-001    1.402358E+001   
 1.300000E-001    1.503277E+001   
 1.400000E-001    1.601281E+001   
 1.500000E-001    1.696177E+001   
 1.600000E-001    1.787685E+001   
 1.700000E-001    1.875434E+001   
 1.800000E-001    1.958947E+001   
 1.900000E-001    2.037650E+001   
 2.000000E-001    2.110881E+001   
 2.100000E-001    2.177906E+001   
 2.200000E-001    2.237941E+001   
 2.300000E-001    2.290181E+001   
 2.400000E-001    2.333819E+001   
 2.500000E-001    2.368077E+001   
 2.600000E-001    2.392220E+001   
 2.700000E-001    2.405569E+001   
 2.800000E-001    2.407507E+001   
 2.900000E-001    2.397485E+001   
 3.000000E-001    2.375014E+001   
 3.100000E-001    2.339667E+001   
 3.200000E-001    2.291081E+001   
 3.300000E-001    2.228965E+001   
 3.400000E-001    2.153115E+001   
 3.500000E-001    2.063440E+001   
 3.600000E-001    1.959986E+001   
 3.700000E-001    1.842973E+001   
 3.800000E-001    1.712821E+001   
 3.900000E-001    1.570175E+001   
 4.000000E-001    1.415923E+001   
 4.100000E-001    1.251203E+001   
 4.200000E-001    1.077396E+001   
 4.300000E-001    8.961195E+000   
 4.400000E-001    7.091938E+000   
 4.500000E-001    5.186138E+000   
 4.600000E-001    3.265028E+000   
 4.700000E-001    1.350615E+000   
 4.800000E-001   -5.348991E-001   
 4.900000E-001   -2.369734E+000   
 5.000000E-001   -4.133169E+000   
 5.100000E-001   -5.806173E+000   
 5.200000E-001   -7.371987E+000   
 5.300000E-001   -8.816651E+000   
 5.400000E-001   -1.012942E+001   
 5.500000E-001   -1.130305E+001   
 5.600000E-001   -1.233397E+001   
 5.700000E-001   -1.322229E+001   
 5.800000E-001   -1.397164E+001   
 5.900000E-001   -1.458893E+001   
 6.000000E-001   -1.508398E+001   
 6.100000E-001   -1.546908E+001   
 6.200000E-001   -1.575849E+001   
 6.300000E-001   -1.596790E+001   
 6.400000E-001   -1.611389E+001   
 6.500000E-001   -1.621335E+001   
 6.600000E-001   -1.628284E+001   
 6.700000E-001   -1.633805E+001   
 6.800000E-001   -1.639309E+001   
 6.900000E-001   -1.645986E+001   
 7.000000E-001   -1.654739E+001   
 7.100000E-001   -1.666131E+001   
 7.200000E-001   -1.680330E+001   
 7.300000E-001   -1.697085E+001   
 7.400000E-001   -1.715718E+001   
 7.500000E-001   -1.735135E+001   
 7.600000E-001   -1.753880E+001   
 7.700000E-001   -1.770206E+001   
 7.800000E-001   -1.782176E+001   
 7.900000E-001   -1.787783E+001   
 8.000000E-001   -1.785086E+001   
 8.100000E-001   -1.772337E+001   
 8.200000E-001   -1.748107E+001   
 8.300000E-001   -1.711377E+001   
 8.400000E-001   -1.661606E+001   
 8.500000E-001   -1.598755E+001   
 8.600000E-001   -1.523270E+001   
 8.700000E-001   -1.436033E+001   
 8.800000E-001   -1.338279E+001   
 8.900000E-001   -1.231494E+001   
 9.000000E-001   -1.117309E+001   
 9.100000E-001   -9.973885E+000   
 9.200000E-001   -8.733455E+000   
 9.300000E-001   -7.466644E+000   
 9.400000E-001   -6.186529E+000   
 9.500000E-001   -4.904147E+000   
 9.600000E-001   -3.628441E+000   
 9.700000E-001   -2.366381E+000   
 9.800000E-001   -1.123226E+000   
 9.900000E-001    9.713693E-002   
 1.000000E+000    1.291826E+000   
 1.010000E+000    2.458630E+000   
 1.020000E+000    3.595734E+000   
 1.030000E+000    4.701550E+000   
 1.040000E+000    5.774636E+000   
 1.050000E+000    6.813721E+000   
 1.060000E+000    7.817825E+000   
 1.070000E+000    8.786436E+000   
 1.080000E+000    9.719731E+000   
 1.090000E+000    1.061879E+001   
 1.100000E+000    1.148577E+001   
 1.110000E+000    1.232398E+001   
 1.120000E+000    1.313777E+001   
 1.130000E+000    1.393236E+001   
 1.140000E+000    1.471336E+001   
 1.150000E+000    1.548620E+001   
 1.160000E+000    1.625542E+001   
 1.170000E+000    1.702383E+001   
 1.180000E+000    1.779171E+001   
 1.190000E+000    1.855613E+001   
 1.200000E+000    1.931043E+001   
 1.210000E+000    2.004392E+001   
 1.220000E+000    2.074202E+001   
 1.230000E+000    2.138666E+001   
 1.240000E+000    2.195706E+001   
 1.250000E+000    2.243083E+001   
 1.260000E+000    2.278519E+001   
 1.270000E+000    2.299837E+001   
 1.280000E+000    2.305095E+001   
 1.290000E+000    2.292700E+001   
 1.300000E+000    2.261507E+001   
 1.310000E+000    2.210883E+001   
 1.320000E+000    2.140739E+001   
 1.330000E+000    2.051526E+001   
 1.340000E+000    1.944206E+001   
 1.350000E+000    1.820186E+001   
 1.360000E+000    1.681246E+001   
 1.370000E+000    1.529447E+001   
 1.380000E+000    1.367034E+001   
 1.390000E+000    1.196352E+001   
 1.400000E+000    1.019760E+001   
 1.410000E+000    8.395667E+000   
 1.420000E+000    6.579755E+000   
 1.430000E+000    4.770517E+000   
 1.440000E+000    2.987008E+000   
 1.450000E+000    1.246620E+000   
 1.460000E+000   -4.348865E-001   
 1.470000E+000   -2.043302E+000   
 1.480000E+000   -3.565865E+000   
 1.490000E+000   -4.991194E+000   
 1.500000E+000   -6.309292E+000   
 1.510000E+000   -7.511651E+000   
 1.520000E+000   -8.591462E+000   
 1.530000E+000   -9.543930E+000   
 1.540000E+000   -1.036666E+001   
 1.550000E+000   -1.106006E+001   
 1.560000E+000   -1.162772E+001   
 1.570000E+000   -1.207667E+001   
 1.580000E+000   -1.241747E+001   
 1.590000E+000   -1.266411E+001   
 1.600000E+000   -1.283367E+001   
 1.610000E+000   -1.294562E+001   
 1.620000E+000   -1.302103E+001   
 1.630000E+000   -1.308142E+001   
 1.640000E+000   -1.314756E+001   
 1.650000E+000   -1.323819E+001   
 1.660000E+000   -1.336870E+001   
 1.670000E+000   -1.355004E+001   
 1.680000E+000   -1.378781E+001   
 1.690000E+000   -1.408165E+001   
 1.700000E+000   -1.442507E+001   
 1.710000E+000   -1.480566E+001   
 1.720000E+000   -1.520575E+001   
 1.730000E+000   -1.560342E+001   
 1.740000E+000   -1.597393E+001   
 1.750000E+000   -1.629118E+001   
 1.760000E+000   -1.652947E+001   
 1.770000E+000   -1.666504E+001   
 1.780000E+000   -1.667754E+001   
 1.790000E+000   -1.655122E+001   
 1.800000E+000   -1.627575E+001   
 1.810000E+000   -1.584661E+001   
 1.820000E+000   -1.526509E+001   
 1.830000E+000   -1.453788E+001   
 1.840000E+000   -1.367631E+001   
 1.850000E+000   -1.269536E+001   
 1.860000E+000   -1.161257E+001   
 1.870000E+000   -1.044680E+001   
 1.880000E+000   -9.217173E+000   
 1.890000E+000   -7.942098E+000   
 1.900000E+000   -6.638491E+000   
 1.910000E+000   -5.321242E+000   
 1.920000E+000   -4.002906E+000   
 1.930000E+000   -2.693638E+000   
 1.940000E+000   -1.401319E+000   
 1.950000E+000   -1.318356E-001   
 1.960000E+000    1.110528E+000   
 1.970000E+000    2.322663E+000   
 1.980000E+000    3.502216E+000   
 1.990000E+000    4.647230E+000   
 2.000000E+000    5.755893E+000   
 2.010000E+000    6.826406E+000   
 2.020000E+000    7.856983E+000   
 2.030000E+000    8.845975E+000   
 2.040000E+000    9.792075E+000   
 2.050000E+000    1.069458E+001   
 2.060000E+000    1.155364E+001   
 2.070000E+000    1.237049E+001   
 2.080000E+000    1.314756E+001   
 2.090000E+000    1.388850E+001   
 2.100000E+000    1.459806E+001   
 2.110000E+000    1.528181E+001   
 2.120000E+000    1.594575E+001   
 2.130000E+000    1.659584E+001   
 2.140000E+000    1.723735E+001   
 2.150000E+000    1.787427E+001   
 2.160000E+000    1.850866E+001   
 2.170000E+000    1.914008E+001   
 2.180000E+000    1.976510E+001   
 2.190000E+000    2.037706E+001   
 2.200000E+000    2.096595E+001   
 2.210000E+000    2.151871E+001   
 2.220000E+000    2.201962E+001   
 2.230000E+000    2.245112E+001   
 2.240000E+000    2.279471E+001   
 2.250000E+000    2.303199E+001   
 2.260000E+000    2.314583E+001   
 2.270000E+000    2.312132E+001   
 2.280000E+000    2.294668E+001   
 2.290000E+000    2.261388E+001   
 2.300000E+000    2.211898E+001   
 2.310000E+000    2.146219E+001   
 2.320000E+000    2.064762E+001   
 2.330000E+000    1.968281E+001   
 2.340000E+000    1.857804E+001   
 2.350000E+000    1.734555E+001   
 2.360000E+000    1.599880E+001   
 2.370000E+000    1.455171E+001   
 2.380000E+000    1.301817E+001   
 2.390000E+000    1.141171E+001   
 2.400000E+000    9.745464E+000   
 2.410000E+000    8.032305E+000   
 2.420000E+000    6.285289E+000   
 2.430000E+000    4.518146E+000   
 2.440000E+000    2.745829E+000   
 2.450000E+000    9.849755E-001   
 2.460000E+000   -7.458510E-001   
 2.470000E+000   -2.426221E+000   
 2.480000E+000   -4.034286E+000   
 2.490000E+000   -5.547631E+000   
 2.500000E+000   -6.944501E+000   

   