   1.480000E+000   -3.565865E+000   
 1.490000E+000   -4.991194E+000   
 1.500000E+000   -6.309292E+000   
 1.510000E+000   -7.511651E+000   
 1.520000E+000   -8.591462E+000   
 1.530000E+000   -9.543930E+000   
 1.540000E+000   -1.036666E+001 
   0.0000000e+00  -1.1060060e+01
   1.0000000e-02  -1.1627720e+01
   2.0000000e-02  -1.2076670e+01
   3.0000000e-02  -1.2417470e+01
   4.0000000e-02  -1.2664110e+01
   5.0000000e-02  -1.2833670e+01
   6.0000000e-02  -1.2945620e+01
   7.0000000e-02  -1.3021030e+01
   8.0000000e-02  -1.3081420e+01
   9.0000000e-02  -1.3147560e+01
   1.0000000e-01  -1.3238190e+01
   1.1000000e-01  -1.3368700e+01
   1.2000000e-01  -1.3550040e+01
   1.3000000e-01  -1.3787810e+01
   1.4000000e-01  -1.4081650e+01
   1.5000000e-01  -1.4425070e+01
   1.6000000e-01  -1.4805660e+01
   1.7000000e-01  -1.5205750e+01
   1.8000000e-01  -1.5603420e+01
   1.9000000e-01  -1.5973930e+01
   2.0000000e-01  -1.6291180e+01
   2.1000000e-01  -1.6529470e+01
   2.2000000e-01  -1.6665040e+01
   2.3000000e-01  -1.6677540e+01
   2.4000000e-01  -1.6551220e+01
   2.5000000e-01  -1.6275750e+01
   2.6000000e-01  -1.5846610e+01
   2.7000000e-01  -1.5265090e+01
   2.8000000e-01  -1.4537880e+01
   2.9000000e-01  -1.3676310e+01
   3.0000000e-01  -1.2344018e+01
   3.1000000e-01  -1.1033103e+01
   3.2000000e-01  -9.7442812e+00
   3.3000000e-01  -8.4782690e+00
   3.4000000e-01  -7.2357830e+00
   3.5000000e-01  -6.0175394e+00
   3.6000000e-01  -4.8242548e+00
   3.7000000e-01  -3.6566456e+00
   3.8000000e-01  -2.5154282e+00
   3.9000000e-01  -1.4013190e+00
   4.0000000e-01  -3.2158892e-01
   4.1000000e-01   7.2152699e-01
   4.2000000e-01   1.7348661e+00
   4.3000000e-01   2.7252656e+00
   4.4000000e-01   3.6995630e+00
   4.5000000e-01   4.6645955e+00
   4.6000000e-01   5.6272006e+00
   4.7000000e-01   6.5942154e+00
   4.8000000e-01   7.5724775e+00
   4.9000000e-01   8.5688240e+00
   5.0000000e-01   9.5775906e+00
   5.1000000e-01   1.0588550e+01
   5.2000000e-01   1.1601695e+01
   5.3000000e-01   1.2617020e+01
   5.4000000e-01   1.3634517e+01
   5.5000000e-01   1.4654178e+01
   5.6000000e-01   1.5675999e+01
   5.7000000e-01   1.6699970e+01
   5.8000000e-01   1.7726086e+01
   5.9000000e-01   1.8754340e+01
   6.0000000e-01   1.9589470e+01
   6.1000000e-01   2.0376500e+01
   6.2000000e-01   2.1108810e+01
   6.3000000e-01   2.1779060e+01
   6.4000000e-01   2.2379410e+01
   6.5000000e-01   2.2901810e+01
   6.6000000e-01   2.3338190e+01
   6.7000000e-01   2.3680770e+01
   6.8000000e-01   2.3922200e+01
   6.9000000e-01   2.4055690e+01
   7.0000000e-01   2.4075070e+01
   7.1000000e-01   2.3974850e+01
   7.2000000e-01   2.3750140e+01
   7.3000000e-01   2.3396670e+01
   7.4000000e-01   2.2910810e+01
   7.5000000e-01   2.2289650e+01
   7.6000000e-01   2.1531150e+01
   7.7000000e-01   2.0634400e+01
   7.8000000e-01   1.9599860e+01
   7.9000000e-01   1.8429730e+01
   8.0000000e-01   1.7128210e+01
   8.1000000e-01   1.5701750e+01
   8.2000000e-01   1.4159230e+01
   8.3000000e-01   1.2512030e+01
   8.4000000e-01   1.0773960e+01
   8.5000000e-01   8.9611950e+00
   8.6000000e-01   7.0919380e+00
   8.7000000e-01   5.1861380e+00
   8.8000000e-01   3.2650280e+00
   8.9000000e-01   1.3506150e+00
   9.0000000e-01  -5.3489910e-01
   9.1000000e-01  -2.3697340e+00
   9.2000000e-01  -4.1331690e+00
   9.3000000e-01  -5.8061730e+00
   9.4000000e-01  -7.3719870e+00
   9.5000000e-01  -8.8166510e+00
   9.6000000e-01  -1.0129420e+01
   9.7000000e-01  -1.1303050e+01
   9.8000000e-01  -1.2333970e+01
   9.9000000e-01  -1.3222290e+01
   1.0000000e+00  -1.3971640e+01
   1.0100000e+00  -1.4588930e+01
   1.0200000e+00  -1.5083980e+01
   1.0300000e+00  -1.5469080e+01
   1.0400000e+00  -1.5758490e+01
   1.0500000e+00  -1.5967900e+01
   1.0600000e+00  -1.6113890e+01
   1.0700000e+00  -1.6213350e+01
   1.0800000e+00  -1.6282840e+01
   1.0900000e+00  -1.6338050e+01
   1.1000000e+00  -1.6393090e+01
   1.1100000e+00  -1.6459860e+01
   1.1200000e+00  -1.6547390e+01
   1.1300000e+00  -1.6661310e+01
   1.1400000e+00  -1.6803300e+01
   1.1500000e+00  -1.6970850e+01
   1.1600000e+00  -1.7157180e+01
   1.1700000e+00  -1.7351350e+01
   1.1800000e+00  -1.7538800e+01
   1.1900000e+00  -1.7702060e+01
   1.2000000e+00  -1.7821760e+01
   1.2100000e+00  -1.7877830e+01
   1.2200000e+00  -1.7850860e+01
   1.2300000e+00  -1.7723370e+01
   1.2400000e+00  -1.7481070e+01
   1.2500000e+00  -1.7113770e+01
   1.2600000e+00  -1.6616060e+01
   1.2700000e+00  -1.5987550e+01
   1.2800000e+00  -1.5232700e+01
   1.2900000e+00  -1.4360330e+01
   1.3000000e+00  -1.3382790e+01
   1.3100000e+00  -1.2314940e+01
   1.3200000e+00  -1.1173090e+01
   1.3300000e+00  -9.9738850e+00
   1.3400000e+00  -8.7334550e+00
   1.3500000e+00  -7.4666440e+00
   1.3600000e+00  -6.1865290e+00
   1.3700000e+00  -4.9041470e+00
   1.3800000e+00  -3.6284410e+00
   1.3900000e+00  -2.3663810e+00
   1.4000000e+00  -1.1232260e+00
   1.4100000e+00   9.7136930e-02
   1.4200000e+00   1.2918260e+00
   1.4300000e+00   2.4586300e+00
   1.4400000e+00   3.5957340e+00
   1.4500000e+00   4.7015500e+00
   1.4600000e+00   5.7746360e+00
   1.4700000e+00   6.8137210e+00
   1.4800000e+00   7.8178250e+00
   1.4900000e+00   8.7864360e+00
   1.5000000e+00   9.7197310e+00
   1.5100000e+00   1.0618790e+01
   1.5200000e+00   1.1485770e+01
   1.5300000e+00   1.2323980e+01
   1.5400000e+00   1.3137770e+01
   1.5500000e+00   1.3932360e+01
   1.5600000e+00   1.4713360e+01
   1.5700000e+00   1.5486200e+01
   1.5800000e+00   1.6255420e+01
   1.5900000e+00   1.7023830e+01
   1.6000000e+00   1.7791710e+01
   1.6100000e+00   1.8556130e+01
   1.6200000e+00   1.9310430e+01
   1.6300000e+00   2.0043920e+01
   1.6400000e+00   2.0742020e+01
   1.6500000e+00   2.1386660e+01
   1.6600000e+00   2.1957060e+01
   1.6700000e+00   2.2430830e+01
   1.6800000e+00   2.2785190e+01
   1.6900000e+00   2.2998370e+01
   1.7000000e+00   2.3050950e+01
   1.7100000e+00   2.2927000e+01
   1.7200000e+00   2.2615070e+01
   1.7300000e+00   2.2108830e+01
   1.7400000e+00   2.1407390e+01
   1.7500000e+00   2.0515260e+01
   1.7600000e+00   1.9442060e+01
   1.7700000e+00   1.8201860e+01
   1.7800000e+00   1.6812460e+01
   1.7900000e+00   1.5294470e+01
   1.8000000e+00   1.3670340e+01
   1.8100000e+00   1.1963520e+01
   1.8200000e+00   1.0197600e+01
   1.8300000e+00   8.3956670e+00
   1.8400000e+00   6.5797550e+00
   1.8500000e+00   4.7705170e+00
   1.8600000e+00   2.9870080e+00
   1.8700000e+00   1.2466200e+00
   1.8800000e+00  -4.3488650e-01
   1.8900000e+00  -2.0433020e+00
   1.9000000e+00  -3.5658650e+00
   1.9100000e+00  -4.9911940e+00
   1.9200000e+00  -6.3092920e+00
   1.9300000e+00  -7.5116510e+00
   1.9400000e+00  -8.5914620e+00
   1.9500000e+00  -9.5439300e+00
   1.9600000e+00  -1.0366660e+01
   1.9700000e+00  -1.1060060e+01
   1.9800000e+00  -1.1627720e+01
   1.9900000e+00  -1.2076670e+01
   2.0000000e+00  -1.2417470e+01
   2.0100000e+00  -1.2664110e+01
   2.0200000e+00  -1.2833670e+01
   2.0300000e+00  -1.2945620e+01
   2.0400000e+00  -1.3021030e+01
   2.0500000e+00  -1.3081420e+01
   2.0600000e+00  -1.3147560e+01
   2.0700000e+00  -1.3238190e+01
   2.0800000e+00  -1.3368700e+01
   2.0900000e+00  -1.3550040e+01
   2.1000000e+00  -1.3787810e+01
   2.1100000e+00  -1.4081650e+01
   2.1200000e+00  -1.4425070e+01
   2.1300000e+00  -1.4805660e+01
   2.1400000e+00  -1.5205750e+01
   2.1500000e+00  -1.5603420e+01
   2.1600000e+00  -1.5973930e+01
   2.1700000e+00  -1.6291180e+01
   2.1800000e+00  -1.6529470e+01
   2.1900000e+00  -1.6665040e+01
   2.2000000e+00  -1.6677540e+01
   2.2100000e+00  -1.6551220e+01
   2.2200000e+00  -1.6275750e+01
   2.2300000e+00  -1.5846610e+01
   2.2400000e+00  -1.5265090e+01
   2.2500000e+00  -1.4537880e+01
   2.2600000e+00  -1.3676310e+01
   2.2700000e+00  -1.2695360e+01
   2.2800000e+00  -1.1612570e+01
   2.2900000e+00  -1.0446800e+01
   2.3000000e+00  -9.2171730e+00
   2.3100000e+00  -7.9420980e+00
   2.3200000e+00  -6.6384910e+00
   2.3300000e+00  -5.3212420e+00
   2.3400000e+00  -4.0029060e+00
   2.3500000e+00  -2.6936380e+00
   2.3600000e+00  -1.4013190e+00
   2.3700000e+00  -1.3183560e-01
   2.3800000e+00   1.1105280e+00
   2.3900000e+00   2.3226630e+00
   2.4000000e+00   3.5022160e+00
   2.4100000e+00   4.6472300e+00
   2.4200000e+00   5.7558930e+00
   2.4300000e+00   6.8264060e+00
   2.4400000e+00   7.8569830e+00
   2.4500000e+00   8.8459750e+00
   2.4600000e+00   9.7920750e+00
   2.4700000e+00   1.0694580e+01
   2.4800000e+00   1.1553640e+01
   2.4900000e+00   1.2370490e+01
   2.5000000e+00   1.3147560e+01
