1.550000E+000    4.265634E+001   
 1.560000E+000    3.954979E+001   
 1.570000E+000    3.619145E+001   
 1.580000E+000    3.262627E+001   
 1.590000E+000    2.890803E+001   
 1.600000E+000    2.509921E+001   
 1.610000E+000    2.127001E+001   
 1.620000E+000    1.749663E+001   
 1.630000E+000    1.385880E+001   
 1.640000E+000    1.043663E+001   
 1.650000E+000    7.307063E+000   
 1.660000E+000    4.539993E+000   
 1.670000E+000    2.194542E+000   
 1.680000E+000    3.156642E-001   
 1.690000E+000   -1.068551E+000   
 1.700000E+000   -1.948658E+000   
 1.710000E+000   -2.334511E+000   
 1.720000E+000   -2.254735E+000   
 1.730000E+000   -1.755032E+000   
 1.740000E+000   -8.954512E-001   
 1.750000E+000    2.531496E-001   
 1.760000E+000    1.613174E+000   
 1.770000E+000    3.104587E+000   
 1.780000E+000    4.649133E+000   
 1.790000E+000    6.174190E+000   
 1.800000E+000    7.616021E+000   
 1.810000E+000    8.922227E+000   
 1.820000E+000    1.005329E+001   
 1.830000E+000    1.098317E+001   
 1.840000E+000    1.169898E+001   
 1.850000E+000    1.219983E+001   
 1.860000E+000    1.249507E+001   
 1.870000E+000    1.260211E+001   
 1.880000E+000    1.254396E+001   
 1.890000E+000    1.234686E+001   
 1.900000E+000    1.203808E+001   
 1.910000E+000    1.164402E+001   
 1.920000E+000    1.118880E+001   
 1.930000E+000    1.069330E+001   
 1.940000E+000    1.017472E+001   
 1.950000E+000    9.646529E+000   
 1.960000E+000    9.118761E+000   
 0.000000E+000    1.017514E+001   
 1.000000E-002    9.317357E+000   
 2.000000E-002    8.469779E+000   
 3.000000E-002    7.645841E+000   
 4.000000E-002    6.858483E+000   
 5.000000E-002    6.119785E+000   
 6.000000E-002    5.440606E+000   
 7.000000E-002    4.830222E+000   
 8.000000E-002    4.295991E+000   
 9.000000E-002    3.843060E+000   
 1.000000E-001    3.474151E+000   
 1.100000E-001    3.189467E+000   
 1.200000E-001    2.986738E+000   
 1.300000E-001    2.861443E+000   
 1.400000E-001    2.807220E+000   
 1.500000E-001    2.816455E+000   
 1.600000E-001    2.881039E+000   
 1.700000E-001    2.993256E+000   
 1.800000E-001    3.146753E+000   
 1.900000E-001    3.337540E+000   
 2.000000E-001    3.564939E+000   
 2.100000E-001    3.832399E+000   
 2.200000E-001    4.148106E+000   
 2.300000E-001    4.525277E+000   
 2.400000E-001    4.982087E+000   
 2.500000E-001    5.541156E+000   
 2.600000E-001    6.228572E+000   
 2.700000E-001    7.072477E+000   
 2.800000E-001    8.101247E+000   
 2.900000E-001    9.341400E+000   
 3.000000E-001    1.081535E+001   
 3.100000E-001    1.253921E+001   
 3.200000E-001    1.452075E+001   
 3.300000E-001    1.675787E+001   
 3.400000E-001    1.923752E+001   
 3.500000E-001    2.193535E+001   
 3.600000E-001    2.481621E+001   
 3.700000E-001    2.783522E+001   
 3.800000E-001    3.093965E+001   
 3.900000E-001    3.407122E+001   
 4.000000E-001    3.716876E+001   
 4.100000E-001    4.017089E+001   
 4.200000E-001    4.301855E+001   
 4.300000E-001    4.565720E+001   
 4.400000E-001    4.803849E+001   
 4.500000E-001    5.012136E+001   
 4.600000E-001    5.187254E+001   
 4.700000E-001    5.326651E+001   
 4.800000E-001    5.428496E+001   
 4.900000E-001    5.491602E+001   
 5.000000E-001    5.515323E+001   
 5.100000E-001    5.499458E+001   
 5.200000E-001    5.444160E+001   
 5.300000E-001    5.349880E+001   
 5.400000E-001    5.217340E+001   
 5.500000E-001    5.047539E+001   
 5.600000E-001    4.841804E+001   
 5.700000E-001    4.601870E+001   
 5.800000E-001    4.329975E+001   
 5.900000E-001    4.028977E+001   
 6.000000E-001    3.702452E+001   
 6.100000E-001    3.354775E+001   
 6.200000E-001    2.991152E+001   
 6.300000E-001    2.617602E+001   
 6.400000E-001    2.240869E+001   
 6.500000E-001    1.868260E+001   
 6.600000E-001    1.507422E+001   
 6.700000E-001    1.166043E+001   
 6.800000E-001    8.515219E+000   
 6.900000E-001    5.706044E+000   
 7.000000E-001    3.290324E+000   
 7.100000E-001    1.312210E+000   
 7.200000E-001   -1.999829E-001   
 7.300000E-001   -1.235468E+000   
 7.400000E-001   -1.801614E+000   
 7.500000E-001   -1.923427E+000   
 7.600000E-001   -1.641898E+000   
 7.700000E-001   -1.011363E+000   
 7.800000E-001   -9.608547E-002   
 7.900000E-001    1.033627E+000   
 8.000000E-001    2.305470E+000   
 8.100000E-001    3.649020E+000   
 8.200000E-001    4.999179E+000   
 8.300000E-001    6.298958E+000   
 8.400000E-001    7.501480E+000   
 8.500000E-001    8.571116E+000   
 8.600000E-001    9.483782E+000   
 8.700000E-001    1.022645E+001   
 8.800000E-001    1.079603E+001   
 8.900000E-001    1.119775E+001   
 9.000000E-001    1.144327E+001   
 9.100000E-001    1.154869E+001   
 9.200000E-001    1.153269E+001   
 9.300000E-001    1.141486E+001   
 9.400000E-001    1.121436E+001   
 9.500000E-001    1.094900E+001   
 9.600000E-001    1.063462E+001   
 9.700000E-001    1.028490E+001   
 9.800000E-001    9.911384E+000   
 9.900000E-001    9.523780E+000   
 1.000000E+000    9.130283E+000   
 1.010000E+000    8.737970E+000   
 1.020000E+000    8.353121E+000   
 1.030000E+000    7.981435E+000   
 1.040000E+000    7.628115E+000   
 1.050000E+000    7.297824E+000   
 1.060000E+000    6.994525E+000   
 1.070000E+000    6.721254E+000   
 1.080000E+000    6.479869E+000   
 1.090000E+000    6.270839E+000   
 1.100000E+000    6.093150E+000   
 1.110000E+000    5.944386E+000   
 1.120000E+000    5.821030E+000   
 1.130000E+000    5.719024E+000   
 1.140000E+000    5.634562E+000   
 1.150000E+000    5.565100E+000   
 1.160000E+000    5.510493E+000   
 1.170000E+000    5.474146E+000   
 1.180000E+000    5.464078E+000   
 1.190000E+000    5.493712E+000   
 1.200000E+000    5.582297E+000   
 1.210000E+000    5.754810E+000   
 1.220000E+000    6.041281E+000   
 1.230000E+000    6.475494E+000   
 1.240000E+000    7.093124E+000   
 1.250000E+000    7.929403E+000   
 1.260000E+000    9.016472E+000   
 1.270000E+000    1.038066E+001   
 1.280000E+000    1.203989E+001   
 1.290000E+000    1.400148E+001   
 1.300000E+000    1.626056E+001   
 1.310000E+000    1.879915E+001   
 1.320000E+000    2.158628E+001   
 1.330000E+000    2.457881E+001   
 1.340000E+000    2.772315E+001   
 1.350000E+000    3.095772E+001   
 1.360000E+000    3.421577E+001   
 1.370000E+000    3.742857E+001   
 1.380000E+000    4.052842E+001   
 1.390000E+000    4.345154E+001   
 1.400000E+000    4.614037E+001   
 1.410000E+000    4.854523E+001   
 1.420000E+000    5.062537E+001   
 1.430000E+000    5.234918E+001   
 1.440000E+000    5.369389E+001   
 1.450000E+000    5.464464E+001   
 1.460000E+000    5.519339E+001   
 1.470000E+000    5.533751E+001   
 1.480000E+000    5.507851E+001   
 1.490000E+000    5.442097E+001   
 1.500000E+000    5.337182E+001   
 1.510000E+000    5.193999E+001   
 1.520000E+000    5.013661E+001   
 1.530000E+000    4.797558E+001   
 1.540000E+000    4.547460E+001   
 1.550000E+000    4.265634E+001   
 1.560000E+000    3.954979E+001   
 1.570000E+000    3.619145E+001   
 1.580000E+000    3.262627E+001   
 1.590000E+000    2.890803E+001   
 1.600000E+000    2.509921E+001   
 1.610000E+000    2.127001E+001   
 1.620000E+000    1.749663E+001   
 1.630000E+000    1.385880E+001   
 1.640000E+000    1.043663E+001   
 1.650000E+000    7.307063E+000   
 1.660000E+000    4.539993E+000   
 1.670000E+000    2.194542E+000   
 1.680000E+000    3.156642E-001   
 1.690000E+000   -1.068551E+000   
 1.700000E+000   -1.948658E+000   
 1.710000E+000   -2.334511E+000   
 1.720000E+000   -2.254735E+000   
 1.730000E+000   -1.755032E+000   
 1.740000E+000   -8.954512E-001   
 1.750000E+000    2.531496E-001   
 1.760000E+000    1.613174E+000   
 1.770000E+000    3.104587E+000   
 1.780000E+000    4.649133E+000   
 1.790000E+000    6.174190E+000   
 1.800000E+000    7.616021E+000   
 1.810000E+000    8.922227E+000   
 1.820000E+000    1.005329E+001   
 1.830000E+000    1.098317E+001   
 1.840000E+000    1.169898E+001   
 1.850000E+000    1.219983E+001   
 1.860000E+000    1.249507E+001   
 1.870000E+000    1.260211E+001   
 1.880000E+000    1.254396E+001   
 1.890000E+000    1.234686E+001   
 1.900000E+000    1.203808E+001   
 1.910000E+000    1.164402E+001   
 1.920000E+000    1.118880E+001   
 1.930000E+000    1.069330E+001   
 1.940000E+000    1.017472E+001   
 1.950000E+000    9.646529E+000   
 1.960000E+000    9.118761E+000   
 1.970000E+000    8.598582E+000   
 1.980000E+000    8.090958E+000   
 1.990000E+000    7.599336E+000   
 2.000000E+000    7.126254E+000   
 2.010000E+000    6.673793E+000   
 2.020000E+000    6.243858E+000   
 2.030000E+000    5.838279E+000   
 2.040000E+000    5.458758E+000   
 2.050000E+000    5.106711E+000   
 2.060000E+000    4.783086E+000   
 2.070000E+000    4.488193E+000   
 2.080000E+000    4.221634E+000   
 2.090000E+000    3.982361E+000   
 2.100000E+000    3.768900E+000   
 2.110000E+000    3.579745E+000   
 2.120000E+000    3.413901E+000   
 2.130000E+000    3.271552E+000   
 2.140000E+000    3.154788E+000   
 2.150000E+000    3.068337E+000   
 2.160000E+000    3.020230E+000   
 2.170000E+000    3.022319E+000   
 2.180000E+000    3.090585E+000   
 2.190000E+000    3.245147E+000   
 2.200000E+000    3.509927E+000   
 2.210000E+000    3.911904E+000   
 2.220000E+000    4.479961E+000   
 2.230000E+000    5.243326E+000   
 2.240000E+000    6.229670E+000   
 2.250000E+000    7.462968E+000   
 2.260000E+000    8.961273E+000   
 2.270000E+000    1.073458E+001   
 2.280000E+000    1.278297E+001   
 2.290000E+000    1.509526E+001   
 2.300000E+000    1.764828E+001   
 2.310000E+000    2.040695E+001   
 2.320000E+000    2.332513E+001   
 2.330000E+000    2.634740E+001   
 2.340000E+000    2.941144E+001   
 2.350000E+000    3.245110E+001   
 2.360000E+000    3.539972E+001   
 2.370000E+000    3.819366E+001   
 2.380000E+000    4.077565E+001   
 2.390000E+000    4.309773E+001   
 2.400000E+000    4.512363E+001   
 2.410000E+000    4.683040E+001   
 2.420000E+000    4.820917E+001   
 2.430000E+000    4.926503E+001   
 2.440000E+000    5.001601E+001   
 2.450000E+000    5.049132E+001   
 2.460000E+000    5.072884E+001   
 2.470000E+000    5.077230E+001   
 2.480000E+000    5.066809E+001   
 2.490000E+000    5.046213E+001   
 2.500000E+000    5.019701E+001   

