1.550000E+000   -6.238021E+000   
 1.560000E+000   -5.914204E+000   
 1.570000E+000   -5.502098E+000   
 1.580000E+000   -5.031899E+000   
 1.590000E+000   -4.532942E+000   
 1.600000E+000   -4.031096E+000   
 1.610000E+000   -3.546561E+000   
 1.620000E+000   -3.092304E+000   
 1.630000E+000   -2.673310E+000   
 1.640000E+000   -2.286725E+000   
 1.650000E+000   -1.922919E+000   
 1.660000E+000   -1.567358E+000   
 1.670000E+000   -1.203089E+000   
 1.680000E+000   -8.135788E-001   
 1.690000E+000   -3.855535E-001   
 1.700000E+000    8.847631E-002   
 1.710000E+000    6.083476E-001   
 1.720000E+000    1.165276E+000   
 1.730000E+000    1.741944E+000   
 1.740000E+000    2.313662E+000   
 1.750000E+000    2.850499E+000   
 1.760000E+000    3.320116E+000   
 1.770000E+000    3.690972E+000   
 1.780000E+000    3.935481E+000   
 1.790000E+000    4.032760E+000   
 1.800000E+000    3.970614E+000   
 1.810000E+000    3.746588E+000   
 1.820000E+000    3.367997E+000   
 1.830000E+000    2.850999E+000   
 1.840000E+000    2.218889E+000   
 1.850000E+000    1.499833E+000   
 1.860000E+000    7.243449E-001   
 1.870000E+000   -7.724891E-002   
 1.880000E+000   -8.770972E-001   
 1.890000E+000   -1.651675E+000   
 1.900000E+000   -2.383069E+000   
 1.910000E+000   -3.059630E+000   
 1.920000E+000   -3.676006E+000   
 1.930000E+000   -4.232604E+000   
 1.940000E+000   -4.734605E+000   
 1.950000E+000   -5.190657E+000   
 1.960000E+000   -5.611421E+000   
 0.000000E+000   -7.461331E+000   
 1.000000E-002   -7.767942E+000   
 2.000000E-002   -8.060556E+000   
 3.000000E-002   -8.340580E+000   
 4.000000E-002   -8.610494E+000   
 5.000000E-002   -8.873958E+000   
 6.000000E-002   -9.135867E+000   
 7.000000E-002   -9.402315E+000   
 8.000000E-002   -9.680442E+000   
 9.000000E-002   -9.978118E+000   
 1.000000E-001   -1.030347E+001   
 1.100000E-001   -1.066424E+001   
 1.200000E-001   -1.106699E+001   
 1.300000E-001   -1.151628E+001   
 1.400000E-001   -1.201370E+001   
 1.500000E-001   -1.255706E+001   
 1.600000E-001   -1.313964E+001   
 1.700000E-001   -1.374967E+001   
 1.800000E-001   -1.437007E+001   
 1.900000E-001   -1.497864E+001   
 2.000000E-001   -1.554853E+001   
 2.100000E-001   -1.604933E+001   
 2.200000E-001   -1.644839E+001   
 2.300000E-001   -1.671274E+001   
 2.400000E-001   -1.681114E+001   
 2.500000E-001   -1.671640E+001   
 2.600000E-001   -1.640766E+001   
 2.700000E-001   -1.587252E+001   
 2.800000E-001   -1.510876E+001   
 2.900000E-001   -1.412554E+001   
 3.000000E-001   -1.294378E+001   
 3.100000E-001   -1.159581E+001   
 3.200000E-001   -1.012402E+001   
 3.300000E-001   -8.578786E+000   
 3.400000E-001   -7.015590E+000   
 3.500000E-001   -5.491686E+000   
 3.600000E-001   -4.062544E+000   
 3.700000E-001   -2.778408E+000   
 3.800000E-001   -1.681271E+000   
 3.900000E-001   -8.025479E-001   
 4.000000E-001   -1.616294E-001   
 4.100000E-001    2.346173E-001   
 4.200000E-001    3.914198E-001   
 4.300000E-001    3.248763E-001   
 4.400000E-001    6.012475E-002   
 4.500000E-001   -3.708665E-001   
 4.600000E-001   -9.316554E-001   
 4.700000E-001   -1.583622E+000   
 4.800000E-001   -2.288038E+000   
 4.900000E-001   -3.007800E+000   
 5.000000E-001   -3.708770E+000   
 5.100000E-001   -4.360739E+000   
 5.200000E-001   -4.938038E+000   
 5.300000E-001   -5.419894E+000   
 5.400000E-001   -5.790589E+000   
 5.500000E-001   -6.039485E+000   
 5.600000E-001   -6.160973E+000   
 5.700000E-001   -6.154334E+000   
 5.800000E-001   -6.023504E+000   
 5.900000E-001   -5.776707E+000   
 6.000000E-001   -5.425918E+000   
 6.100000E-001   -4.986127E+000   
 6.200000E-001   -4.474413E+000   
 6.300000E-001   -3.908860E+000   
 6.400000E-001   -3.307383E+000   
 6.500000E-001   -2.686560E+000   
 6.600000E-001   -2.060598E+000   
 6.700000E-001   -1.440545E+000   
 6.800000E-001   -8.338597E-001   
 6.900000E-001   -2.444183E-001   
 7.000000E-001    3.270107E-001   
 7.100000E-001    8.818586E-001   
 7.200000E-001    1.422503E+000   
 7.300000E-001    1.950820E+000   
 7.400000E-001    2.466741E+000   
 7.500000E-001    2.967024E+000   
 7.600000E-001    3.444449E+000   
 7.700000E-001    3.887601E+000   
 7.800000E-001    4.281322E+000   
 7.900000E-001    4.607820E+000   
 8.000000E-001    4.848307E+000   
 8.100000E-001    4.984950E+000   
 8.200000E-001    5.002857E+000   
 8.300000E-001    4.891821E+000   
 8.400000E-001    4.647576E+000   
 8.500000E-001    4.272413E+000   
 8.600000E-001    3.775102E+000   
 8.700000E-001    3.170168E+000   
 8.800000E-001    2.476646E+000   
 8.900000E-001    1.716506E+000   
 9.000000E-001    9.129447E-001   
 9.100000E-001    8.873684E-002   
 9.200000E-001   -7.351926E-001   
 9.300000E-001   -1.540869E+000   
 9.400000E-001   -2.313985E+000   
 9.500000E-001   -3.044228E+000   
 9.600000E-001   -3.725257E+000   
 9.700000E-001   -4.354406E+000   
 9.800000E-001   -4.932187E+000   
 9.900000E-001   -5.461705E+000   
 1.000000E+000   -5.948047E+000   
 1.010000E+000   -6.397728E+000   
 1.020000E+000   -6.818236E+000   
 1.030000E+000   -7.217683E+000   
 1.040000E+000   -7.604561E+000   
 1.050000E+000   -7.987572E+000   
 1.060000E+000   -8.375471E+000   
 1.070000E+000   -8.776880E+000   
 1.080000E+000   -9.200017E+000   
 1.090000E+000   -9.652290E+000   
 1.100000E+000   -1.013976E+001   
 1.110000E+000   -1.066648E+001   
 1.120000E+000   -1.123372E+001   
 1.130000E+000   -1.183916E+001   
 1.140000E+000   -1.247622E+001   
 1.150000E+000   -1.313340E+001   
 1.160000E+000   -1.379404E+001   
 1.170000E+000   -1.443629E+001   
 1.180000E+000   -1.503360E+001   
 1.190000E+000   -1.555564E+001   
 1.200000E+000   -1.596963E+001   
 1.210000E+000   -1.624223E+001   
 1.220000E+000   -1.634162E+001   
 1.230000E+000   -1.623991E+001   
 1.240000E+000   -1.591555E+001   
 1.250000E+000   -1.535558E+001   
 1.260000E+000   -1.455757E+001   
 1.270000E+000   -1.353101E+001   
 1.280000E+000   -1.229787E+001   
 1.290000E+000   -1.089241E+001   
 1.300000E+000   -9.359924E+000   
 1.310000E+000   -7.754612E+000   
 1.320000E+000   -6.136597E+000   
 1.330000E+000   -4.568328E+000   
 1.340000E+000   -3.110674E+000   
 1.350000E+000   -1.819042E+000   
 1.360000E+000   -7.399074E-001   
 1.370000E+000    9.194997E-002   
 1.380000E+000    6.552542E-001   
 1.390000E+000    9.429943E-001   
 1.400000E+000    9.621604E-001   
 1.410000E+000    7.325887E-001   
 1.420000E+000    2.851222E-001   
 1.430000E+000   -3.406886E-001   
 1.440000E+000   -1.099135E+000   
 1.450000E+000   -1.940984E+000   
 1.460000E+000   -2.816075E+000   
 1.470000E+000   -3.675808E+000   
 1.480000E+000   -4.475461E+000   
 1.490000E+000   -5.176272E+000   
 1.500000E+000   -5.747223E+000   
 1.510000E+000   -6.166419E+000   
 1.520000E+000   -6.421957E+000   
 1.530000E+000   -6.512182E+000   
 1.540000E+000   -6.445256E+000   
 1.550000E+000   -6.238021E+000   
 1.560000E+000   -5.914204E+000   
 1.570000E+000   -5.502098E+000   
 1.580000E+000   -5.031899E+000   
 1.590000E+000   -4.532942E+000   
 1.600000E+000   -4.031096E+000   
 1.610000E+000   -3.546561E+000   
 1.620000E+000   -3.092304E+000   
 1.630000E+000   -2.673310E+000   
 1.640000E+000   -2.286725E+000   
 1.650000E+000   -1.922919E+000   
 1.660000E+000   -1.567358E+000   
 1.670000E+000   -1.203089E+000   
 1.680000E+000   -8.135788E-001   
 1.690000E+000   -3.855535E-001   
 1.700000E+000    8.847631E-002   
 1.710000E+000    6.083476E-001   
 1.720000E+000    1.165276E+000   
 1.730000E+000    1.741944E+000   
 1.740000E+000    2.313662E+000   
 1.750000E+000    2.850499E+000   
 1.760000E+000    3.320116E+000   
 1.770000E+000    3.690972E+000   
 1.780000E+000    3.935481E+000   
 1.790000E+000    4.032760E+000   
 1.800000E+000    3.970614E+000   
 1.810000E+000    3.746588E+000   
 1.820000E+000    3.367997E+000   
 1.830000E+000    2.850999E+000   
 1.840000E+000    2.218889E+000   
 1.850000E+000    1.499833E+000   
 1.860000E+000    7.243449E-001   
 1.870000E+000   -7.724891E-002   
 1.880000E+000   -8.770972E-001   
 1.890000E+000   -1.651675E+000   
 1.900000E+000   -2.383069E+000   
 1.910000E+000   -3.059630E+000   
 1.920000E+000   -3.676006E+000   
 1.930000E+000   -4.232604E+000   
 1.940000E+000   -4.734605E+000   
 1.950000E+000   -5.190657E+000   
 1.960000E+000   -5.611421E+000   
 1.970000E+000   -6.008105E+000   
 1.980000E+000   -6.391140E+000   
 1.990000E+000   -6.769112E+000   
 2.000000E+000   -7.148031E+000   
 2.010000E+000   -7.530991E+000   
 2.020000E+000   -7.918221E+000   
 2.030000E+000   -8.307496E+000   
 2.040000E+000   -8.694857E+000   
 2.050000E+000   -9.075524E+000   
 2.060000E+000   -9.444905E+000   
 2.070000E+000   -9.799565E+000   
 2.080000E+000   -1.013803E+001   
 2.090000E+000   -1.046128E+001   
 2.100000E+000   -1.077293E+001   
 2.110000E+000   -1.107885E+001   
 2.120000E+000   -1.138648E+001   
 2.130000E+000   -1.170357E+001   
 2.140000E+000   -1.203675E+001   
 2.150000E+000   -1.238981E+001   
 2.160000E+000   -1.276211E+001   
 2.170000E+000   -1.314719E+001   
 2.180000E+000   -1.353189E+001   
 2.190000E+000   -1.389619E+001   
 2.200000E+000   -1.421378E+001   
 2.210000E+000   -1.445362E+001   
 2.220000E+000   -1.458223E+001   
 2.230000E+000   -1.456658E+001   
 2.240000E+000   -1.437740E+001   
 2.250000E+000   -1.399246E+001   
 2.260000E+000   -1.339953E+001   
 2.270000E+000   -1.259854E+001   
 2.280000E+000   -1.160279E+001   
 2.290000E+000   -1.043898E+001   
 2.300000E+000   -9.145896E+000   
 2.310000E+000   -7.772019E+000   
 2.320000E+000   -6.372156E+000   
 2.330000E+000   -5.003493E+000   
 2.340000E+000   -3.721476E+000   
 2.350000E+000   -2.575920E+000   
 2.360000E+000   -1.607756E+000   
 2.370000E+000   -8.466634E-001   
 2.380000E+000   -3.097891E-001   
 2.390000E+000   -1.543933E-003   
 2.400000E+000    8.559566E-002   
 2.410000E+000   -3.051670E-002   
 2.420000E+000   -3.238619E-001   
 2.430000E+000   -7.627190E-001   
 2.440000E+000   -1.312187E+000   
 2.450000E+000   -1.936564E+000   
 2.460000E+000   -2.601438E+000   
 2.470000E+000   -3.275394E+000   
 2.480000E+000   -3.931282E+000   
 2.490000E+000   -4.547045E+000   
 2.500000E+000   -5.106123E+000   

