

 0.000000E+000   -3.215880E+000   
 1.000000E-002   -1.235783E+000   
 2.000000E-002    6.899505E-001   
 3.000000E-002    2.489344E+000   
 4.000000E-002    4.097228E+000   
 5.000000E-002    5.458811E+000   
 6.000000E-002    6.532356E+000   
 7.000000E-002    7.290845E+000   
 8.000000E-002    7.722609E+000   
 9.000000E-002    7.830982E+000   
 1.000000E-001    7.633133E+000   
 1.100000E-001    7.158229E+000   
 1.200000E-001    6.445141E+000   
 1.300000E-001    5.539863E+000   
 1.400000E-001    4.492841E+000   
 1.500000E-001    3.356350E+000   
 1.600000E-001    2.182054E+000   
 1.700000E-001    1.018835E+000   
 1.800000E-001   -8.902536E-002   
 1.900000E-001   -1.103301E+000   
 2.000000E-001   -1.992878E+000   
 2.100000E-001   -2.734447E+000   
 2.200000E-001   -3.312845E+000   
 2.300000E-001   -3.721086E+000   
 2.400000E-001   -3.960103E+000   
 2.500000E-001   -4.038239E+000   
 2.600000E-001   -3.970482E+000   
 2.700000E-001   -3.777494E+000   
 2.800000E-001   -3.484414E+000   
 2.900000E-001   -3.119469E+000   
 3.000000E-001   -2.712418E+000   
 3.100000E-001   -2.292861E+000   
 3.200000E-001   -1.888483E+000   
 3.300000E-001   -1.523324E+000   
 3.400000E-001   -1.216193E+000   
 3.500000E-001   -9.793479E-001   
 3.600000E-001   -8.176007E-001   
 3.700000E-001   -7.279451E-001   
 3.800000E-001   -6.998128E-001   
 3.900000E-001   -7.159820E-001   
 4.000000E-001   -7.541138E-001   
 4.100000E-001   -7.888193E-001   
 4.200000E-001   -7.941008E-001   
 4.300000E-001   -7.459579E-001   
 4.400000E-001   -6.249141E-001   
 4.500000E-001   -4.182084E-001   
 4.600000E-001   -1.214122E-001   
 4.700000E-001    2.607239E-001   
 4.800000E-001    7.143162E-001   
 4.900000E-001    1.217315E+000   
 5.000000E-001    1.741315E+000   
 5.100000E-001    2.254017E+000   
 5.200000E-001    2.722093E+000   
 5.300000E-001    3.114107E+000   
 5.400000E-001    3.403199E+000   
 5.500000E-001    3.569234E+000   
 5.600000E-001    3.600224E+000   
 5.700000E-001    3.492902E+000   
 5.800000E-001    3.252475E+000   
 5.900000E-001    2.891614E+000   
 6.000000E-001    2.428898E+000   
 6.100000E-001    1.886883E+000   
 6.200000E-001    1.290055E+000   
 6.300000E-001    6.628682E-001   
 6.400000E-001    2.803750E-002   
 6.500000E-001   -5.947909E-001   
 6.600000E-001   -1.189935E+000   
 6.700000E-001   -1.746133E+000   
 6.800000E-001   -2.256593E+000   
 6.900000E-001   -2.718715E+000   
 7.000000E-001   -3.133560E+000   
 7.100000E-001   -3.505168E+000   
 7.200000E-001   -3.839801E+000   
 7.300000E-001   -4.145177E+000   
 7.400000E-001   -4.429762E+000   
 7.500000E-001   -4.702129E+000   
 7.600000E-001   -4.970435E+000   
 7.700000E-001   -5.242000E+000   
 7.800000E-001   -5.523007E+000   
 7.900000E-001   -5.818312E+000   
 8.000000E-001   -6.131362E+000   
 8.100000E-001   -6.464203E+000   
 8.200000E-001   -6.817569E+000   
 8.300000E-001   -7.191008E+000   
 8.400000E-001   -7.583052E+000   
 8.500000E-001   -7.991373E+000   
 8.600000E-001   -8.412931E+000   
 8.700000E-001   -8.844104E+000   
 8.800000E-001   -9.280791E+000   
 8.900000E-001   -9.718510E+000   
 9.000000E-001   -1.015251E+001   
 9.100000E-001   -1.057789E+001   
 9.200000E-001   -1.098983E+001   
 9.300000E-001   -1.138374E+001   
 9.400000E-001   -1.175563E+001   
 9.500000E-001   -1.210237E+001   
 9.600000E-001   -1.242200E+001   
 9.700000E-001   -1.271399E+001   
 9.800000E-001   -1.297938E+001   
 9.900000E-001   -1.322080E+001   
 1.000000E+000   -1.344227E+001   
 1.010000E+000   -1.364874E+001   
 1.020000E+000   -1.384550E+001   
 1.030000E+000   -1.403724E+001   
 1.040000E+000   -1.422707E+001   
 1.050000E+000   -1.441538E+001   
 1.060000E+000   -1.459877E+001   
 1.070000E+000   -1.476914E+001   
 1.080000E+000   -1.491307E+001   
 1.090000E+000   -1.501155E+001   
 1.100000E+000   -1.504039E+001   
 1.110000E+000   -1.497103E+001   
 1.120000E+000   -1.477210E+001   
 1.130000E+000   -1.441151E+001   
 1.140000E+000   -1.385894E+001   
 1.150000E+000   -1.308873E+001   
 1.160000E+000   -1.208268E+001   
 1.170000E+000   -1.083282E+001   
 1.180000E+000   -9.343528E+000   
 1.190000E+000   -7.632981E+000   
 1.200000E+000   -5.733578E+000   
 1.210000E+000   -3.691221E+000   
 1.220000E+000   -1.563419E+000   
 1.230000E+000    5.837009E-001   
 1.240000E+000    2.679242E+000   
 1.250000E+000    4.651943E+000   
 1.260000E+000    6.434733E+000   
 1.270000E+000    7.969030E+000   
 1.280000E+000    9.208398E+000   
 1.290000E+000    1.012123E+001   
 1.300000E+000    1.069226E+001   
 1.310000E+000    1.092278E+001   
 1.320000E+000    1.082962E+001   
 1.330000E+000    1.044302E+001   
 1.340000E+000    9.803650E+000   
 1.350000E+000    8.959167E+000   
 1.360000E+000    7.960557E+000   
 1.370000E+000    6.858761E+000   
 1.380000E+000    5.701795E+000   
 1.390000E+000    4.532616E+000   
 1.400000E+000    3.387807E+000   
 1.410000E+000    2.297050E+000   
 1.420000E+000    1.283287E+000   
 1.430000E+000    3.633663E-001   
 1.440000E+000   -4.510239E-001   
 1.450000E+000   -1.152344E+000   
 1.460000E+000   -1.736286E+000   
 1.470000E+000   -2.201083E+000   
 1.480000E+000   -2.547097E+000   
 1.490000E+000   -2.776712E+000   
 1.500000E+000   -2.894460E+000   
 1.510000E+000   -2.907302E+000   
 1.520000E+000   -2.824936E+000   
 1.530000E+000   -2.660001E+000   
 1.540000E+000   -2.428085E+000   
 1.550000E+000   -2.147439E+000   
 1.560000E+000   -1.838379E+000   
 1.570000E+000   -1.522379E+000   
 1.580000E+000   -1.220911E+000   
 1.590000E+000   -9.541165E-001   
 1.600000E+000   -7.394018E-001   
 1.610000E+000   -5.900811E-001   
 1.620000E+000   -5.141831E-001   
 1.630000E+000   -5.135490E-001   
 1.640000E+000   -5.833343E-001   
 1.650000E+000   -7.120042E-001   
 1.660000E+000   -8.818777E-001   
 1.670000E+000   -1.070223E+000   
 1.680000E+000   -1.250861E+000   
 1.690000E+000   -1.396171E+000   
 1.700000E+000   -1.479372E+000   
 1.710000E+000   -1.476885E+000   
 1.720000E+000   -1.370581E+000   
 1.730000E+000   -1.149716E+000   
 1.740000E+000   -8.123297E-001   
 1.750000E+000   -3.659607E-001   
 1.760000E+000    1.724522E-001   
 1.770000E+000    7.775168E-001   
 1.780000E+000    1.417133E+000   
 1.790000E+000    2.054898E+000   
 1.800000E+000    2.652940E+000   
 1.810000E+000    3.174916E+000   
 1.820000E+000    3.588869E+000   
 1.830000E+000    3.869651E+000   
 1.840000E+000    4.000707E+000   
 1.850000E+000    3.975038E+000   
 1.860000E+000    3.795306E+000   
 1.870000E+000    3.473098E+000   
 1.880000E+000    3.027494E+000   
 1.890000E+000    2.483102E+000   
 1.900000E+000    1.867802E+000   
 1.910000E+000    1.210420E+000   
 1.920000E+000    5.385379E-001   
 1.930000E+000   -1.233622E-001   
 1.940000E+000   -7.553186E-001   
 1.950000E+000   -1.342786E+000   
 1.960000E+000   -1.876995E+000   
 1.970000E+000   -2.354809E+000   
 1.980000E+000   -2.778140E+000   
 1.990000E+000   -3.153036E+000   
 2.000000E+000   -3.488557E+000   
 2.010000E+000   -3.795560E+000   
 2.020000E+000   -4.085526E+000   
 2.030000E+000   -4.369508E+000   
 2.040000E+000   -4.657299E+000   
 2.050000E+000   -4.956836E+000   
 2.060000E+000   -5.273858E+000   
 2.070000E+000   -5.611803E+000   
 2.080000E+000   -5.971888E+000   
 2.090000E+000   -6.353342E+000   
 2.100000E+000   -6.753719E+000   
 2.110000E+000   -7.169249E+000   
 2.120000E+000   -7.595193E+000   
 2.130000E+000   -8.026164E+000   
 2.140000E+000   -8.456419E+000   
 2.150000E+000   -8.880110E+000   
 2.160000E+000   -9.291505E+000   
 2.170000E+000   -9.685200E+000   
 2.180000E+000   -1.005632E+001   
 2.190000E+000   -1.040071E+001   
 2.200000E+000   -1.071517E+001   
 2.210000E+000   -1.099761E+001   
 2.220000E+000   -1.124725E+001   
 2.230000E+000   -1.146471E+001   
 2.240000E+000   -1.165208E+001   
 2.250000E+000   -1.181282E+001   
 2.260000E+000   -1.195156E+001   
 2.270000E+000   -1.207377E+001   
 2.280000E+000   -1.218523E+001   
 2.290000E+000   -1.229142E+001   
 2.300000E+000   -1.239676E+001   
 2.310000E+000   -1.250390E+001   
 2.320000E+000   -1.261295E+001   
 2.330000E+000   -1.272088E+001   
 2.340000E+000   -1.282117E+001   
 2.350000E+000   -1.290364E+001   
 2.360000E+000   -1.295475E+001   
 2.370000E+000   -1.295815E+001   
 2.380000E+000   -1.289574E+001   
 2.390000E+000   -1.274894E+001   
 2.400000E+000   -1.250032E+001   
 2.410000E+000   -1.213529E+001   
 2.420000E+000   -1.164386E+001   
 2.430000E+000   -1.102212E+001   
 2.440000E+000   -1.027339E+001   
 2.450000E+000   -9.408826E+000   
 2.460000E+000   -8.447367E+000   
 2.470000E+000   -7.414942E+000   
 2.480000E+000   -6.342954E+000   
 2.490000E+000   -5.266149E+000   
 2.500000E+000   -4.220012E+000   
